25 5.000000 0 1.666667 1
50 3.000000 1 1.000000 1
75 4.000000 0 1.666667 1
100 3.000000 4 1.333333 1
125 5.000000 4 1.333333 1
150 5.000000 4 1.666667 1
175 2.000000 0 2.000000 1
200 4.000000 2 1.333333 1
225 4.000000 2 1.333333 1
250 4.000000 1 2.000000 1
275 4.000000 0 2.000000 1
300 3.000000 1 1.000000 1
325 5.000000 4 2.000000 1
350 5.000000 2 2.000000 1
375 3.000000 1 1.333333 1
400 3.000000 4 2.000000 1
425 2.000000 0 2.000000 1
450 4.000000 0 1.333333 1
475 5.000000 2 2.000000 1
500 3.000000 1 1.666667 1
525 5.000000 3 1.666667 1
550 2.000000 0 1.666667 1
575 4.000000 0 1.000000 1
600 4.000000 4 1.333333 1
625 3.000000 2 1.666667 1
650 4.000000 3 1.333333 1
675 2.000000 3 1.333333 1
700 2.000000 0 1.666667 1
725 2.000000 1 1.666667 1
750 5.000000 1 1.000000 1
775 5.000000 1 1.666667 1
800 3.000000 5 1.666667 1
825 4.000000 5 1.333333 1
850 3.000000 3 2.000000 1
875 4.000000 4 1.000000 1
900 3.000000 3 1.666667 1
925 4.000000 4 1.333333 1
950 2.000000 5 1.000000 1
975 3.000000 2 1.333333 1
1000 3.000000 5 1.000000 1
end