 1;
 0;
 1;
}

Material MatDefault {
 0.784314;0.784314;0.784314;1.000000;;
 21.333333;
 0.000000;0.000000;0.000000;;
 0.000000;0.000000;0.000000;;
}
Mesh {
 1998;
 592.106689;0.000000;1043.588989;,
 592.761963;-0.000000;1036.900635;,
 593.488892;-0.000000;1030.218872;,
 594.280273;0.000000;1023.544800;,
 595.135742;0.000001;1016.878296;,
 596.048157;0.000002;1010.218994;,
 597.010803;0.000002;1003.565796;,
 598.016113;0.000003;996.922119;,
 599.100220;0.000003;990.289856;,
 600.262146;0.000003;983.675415;,
 601.500183;0.000003;977.064026;,
 602.767395;0.000003;970.463501;,
 604.045349;0.000003;963.862427;,
 605.319397;0.000003;957.261047;,
 606.576172;0.000003;950.662720;,
 607.831238;0.000003;944.060669;,
 609.086487;0.000003;937.457642;,
 610.341614;0.000003;930.855103;,
 611.596863;0.000003;924.251831;,
 612.852112;0.000003;917.648682;,
 614.107422;0.000003;911.045471;,
 615.362732;0.000003;904.442017;,
 616.617981;0.000003;897.838867;,
 617.873291;0.000003;891.235474;,
 619.128357;0.000003;884.633179;,
 620.383423;0.000003;878.031250;,
 621.638672;0.000003;871.428223;,
 622.893311;0.000003;864.828491;,
 624.148987;0.000003;858.223083;,
 625.404602;0.000003;851.618408;,
 626.660095;0.000003;845.014038;,
 627.915588;0.000003;838.409546;,
 629.170227;0.000003;831.809753;,
 630.425110;0.000003;825.208496;,
 631.680054;0.000003;818.606812;,
 632.935669;0.000003;812.001831;,
 634.190918;0.000003;805.398865;,
 635.446167;0.000003;798.795593;,
 636.701599;0.000003;792.191711;,
 637.956726;0.000003;785.589111;,
 639.211853;0.000003;778.986755;,
 640.466858;0.000003;772.384949;,
 641.722412;0.000003;765.780151;,
 642.977295;0.000003;759.179138;,
 644.232666;0.000003;752.575439;,
 645.488159;0.000003;745.971191;,
 646.743469;0.000003;739.367981;,
 647.998657;0.000003;732.765076;,
 649.253601;0.000003;726.163635;,
 650.508545;0.000003;719.562195;,
 651.763611;0.000003;712.959961;,
 653.018799;0.000003;706.357361;,
 654.274231;0.000003;699.753296;,
 655.529602;0.000003;693.149292;,
 656.785034;0.000003;686.545410;,
 658.040283;0.000003;679.942322;,
 659.294800;0.000003;673.342834;,
 660.550171;0.000003;666.739136;,
 661.805420;0.000003;660.136169;,
 663.060852;0.000003;653.531921;,
 664.316772;0.000003;646.925415;,
 665.571655;0.000003;640.324402;,
 666.826233;0.000003;633.724854;,
 668.080811;0.000003;627.125427;,
 669.336731;0.000003;620.518677;,
 670.591919;0.000003;613.915894;,
 671.847412;0.000003;607.311951;,
 673.102661;0.000003;600.708557;,
 674.357422;0.000003;594.108154;,
 675.612732;0.000003;587.504578;,
 676.868042;0.000003;580.901306;,
 678.123413;0.000003;574.297607;,
 679.378662;0.000003;567.694336;,
 680.633972;0.000003;561.090820;,
 681.888977;0.000003;554.489258;,
 683.144165;0.000003;547.886475;,
 684.399170;0.000003;541.284607;,
 685.654663;0.000003;534.680054;,
 686.909058;0.000003;528.081482;,
 688.164856;0.000003;521.475708;,
 689.420349;0.000003;514.871155;,
 690.675781;0.000003;508.267242;,
 691.931885;0.000003;501.659637;,
 693.185852;0.000003;495.063324;,
 694.440735;0.000003;488.462067;,
 695.695862;0.000003;481.859711;,
 696.950867;0.000003;475.257813;,
 698.206543;0.000003;468.652924;,
 699.461792;0.000003;462.049805;,
 700.717102;0.000003;455.446289;,
 701.972412;0.000003;448.842834;,
 703.227539;0.000003;442.240356;,
 704.482788;0.000003;435.637451;,
 705.737915;0.000003;429.035065;,
 706.993042;0.000003;422.432404;,
 708.248474;0.000003;415.828430;,
 709.503723;0.000003;409.225464;,
 710.758911;0.000004;402.622528;,
 712.014160;0.000004;396.019501;,
 713.269409;0.000004;389.416534;,
 714.524597;0.000004;382.813660;,
 715.779846;0.000004;376.210419;,
 717.035156;0.000004;369.607208;,
 718.290527;0.000004;363.003235;,
 719.545654;0.000004;356.400879;,
 720.800781;0.000004;349.798462;,
 722.055908;0.000004;343.196045;,
 723.310974;0.000004;336.594116;,
 724.565247;0.000004;329.996399;,
 725.821228;0.000004;323.389496;,
 727.076782;0.000004;316.784698;,
 728.332703;0.000004;310.178040;,
 729.588501;0.000004;303.571869;,
 730.842590;0.000004;296.975067;,
 732.096741;0.000004;290.377686;,
 733.351379;0.000004;283.777985;,
 734.607056;0.000004;277.172821;,
 735.862610;0.000004;270.568024;,
 737.118103;0.000004;263.963379;,
 738.373291;0.000004;257.360565;,
 739.628357;0.000004;250.758362;,
 740.883362;0.000004;244.156631;,
 742.138550;0.000004;237.554031;,
 743.393311;0.000004;230.953461;,
 744.648865;0.000004;224.348648;,
 745.904297;0.000004;217.744781;,
 747.159546;0.000004;211.141769;,
 748.415222;0.000004;204.536514;,
 749.669983;0.000004;197.936127;,
 750.925110;0.000004;191.333771;,
 752.180359;0.000004;184.730667;,
 753.435547;0.000004;178.128052;,
 754.691162;0.000004;171.523041;,
 755.946106;0.000004;164.921432;,
 757.201050;0.000004;158.319839;,
 758.451477;0.000004;151.716431;,
 759.670532;0.000004;145.106705;,
 760.890381;0.000004;138.495255;,
 762.147217;0.000004;131.889999;,
 763.499817;0.000004;125.309212;,
 765.002319;0.000005;118.758316;,
 766.612793;0.000006;112.233879;,
 768.233704;0.000007;105.709480;,
 769.797729;0.000008;99.173088;,
 771.392334;0.000009;92.644142;,
 773.124695;0.000009;86.149185;,
 775.014160;0.000009;79.699249;,
 777.007019;0.000009;73.279976;,
 779.054749;0.000009;66.879234;,
 781.154968;0.000009;60.498222;,
 783.301453;0.000009;54.125271;,
 785.473816;0.000009;47.765083;,
 787.770630;0.000008;41.454559;,
 790.468933;0.000008;35.300869;,
 793.381592;0.000007;29.242966;,
 796.381409;0.000006;23.226967;,
 799.449036;0.000005;17.245436;,
 802.683411;0.000004;11.352643;,
 806.158142;0.000004;5.597884;,
 809.839172;0.000003;-0.027515;,
 813.684753;0.000003;-5.542649;,
 817.724426;0.000003;-10.916263;,
 822.117249;0.000004;-16.004093;,
 826.575623;0.000004;-21.036564;,
 831.002319;0.000004;-26.098310;,
 835.436951;0.000004;-31.152386;,
 839.636414;0.000003;-36.401985;,
 843.438782;0.000003;-41.943996;,
 846.946899;0.000003;-47.679241;,
 850.307190;0.000003;-53.501801;,
 853.586853;0.000003;-59.371342;,
 856.840698;0.000003;-65.252846;,
 859.945251;0.000003;-71.213615;,
 862.752380;0.000003;-77.298119;,
 865.450012;0.000003;-83.459953;,
 868.136475;0.000003;-89.628128;,
 870.814880;0.000004;-95.795898;,
 873.485535;0.000004;-101.971863;,
 876.125916;0.000004;-108.141907;,
 878.728821;0.000004;-114.337303;,
 881.302002;0.000004;-120.545776;,
 883.879395;0.000004;-126.753807;,
 886.467590;0.000004;-132.958557;,
 889.055664;0.000004;-139.162735;,
 891.643677;0.000004;-145.366974;,
 894.230774;0.000004;-151.568878;,
 896.818909;0.000004;-157.773285;,
 899.407166;0.000004;-163.977997;,
 901.995361;0.000004;-170.182541;,
 904.583191;0.000004;-176.386078;,
 907.170715;0.000004;-182.589096;,
 909.758545;0.000004;-188.792740;,
 912.346252;0.000004;-194.996292;,
 914.934692;0.000004;-201.201263;,
 917.522400;0.000004;-207.404785;,
 920.109924;0.000004;-213.607864;,
 922.698120;0.000004;-219.812332;,
 925.286072;0.000004;-226.016205;,
 927.874146;0.000004;-232.220551;,
 930.462158;0.000004;-238.424652;,
 933.049377;0.000004;-244.626984;,
 935.637573;0.000004;-250.831375;,
 938.225708;0.000004;-257.035828;,
 940.813232;0.000004;-263.238892;,
 943.401855;0.000004;-269.444305;,
 945.989441;0.000004;-275.647461;,
 948.576965;0.000004;-281.850586;,
 951.164551;0.000004;-288.053680;,
 953.752502;0.000004;-294.257660;,
 956.340820;0.000004;-300.462646;,
 958.929138;0.000004;-306.667511;,
 961.517517;0.000004;-312.872559;,
 964.104919;0.000004;-319.075073;,
 966.692200;0.000004;-325.277466;,
 969.279236;0.000004;-331.479248;,
 971.867554;0.000004;-337.683929;,
 974.455994;0.000004;-343.889069;,
 977.044617;0.000004;-350.094696;,
 979.633423;0.000004;-356.300598;,
 982.220093;0.000004;-362.501709;,
 984.807251;0.000004;-368.703705;,
 987.394653;0.000004;-374.906494;,
 989.982788;0.000004;-381.110962;,
 992.571045;0.000004;-387.315765;,
 995.159302;0.000004;-393.520447;,
 997.747375;0.000004;-399.724701;,
 1000.334656;0.000004;-405.927124;,
 1002.922791;0.000004;-412.131378;,
 1005.510742;0.000004;-418.335480;,
 1008.099060;0.000004;-424.540344;,
 1010.686523;0.000004;-430.743195;,
 1013.274109;0.000004;-436.946289;,
 1015.862549;0.000004;-443.151428;,
 1018.450317;0.000004;-449.355072;,
 1021.038025;0.000004;-455.558472;,
 1023.625793;0.000004;-461.761932;,
 1026.211304;0.000004;-467.959900;,
 1028.800537;0.000004;-474.167145;,
 1031.389404;0.000004;-480.373047;,
 1033.977905;0.000004;-486.578400;,
 1036.567871;0.000004;-492.787231;,
 1039.152832;0.000004;-498.984039;,
 1041.740479;0.000004;-505.187195;,
 1044.325684;0.000004;-511.384796;,
 1046.914917;0.000004;-517.591675;,
 1049.503662;0.000004;-523.797668;,
 1052.091797;0.000004;-530.002258;,
 1054.680786;0.000004;-536.208618;,
 1057.266357;0.000004;-542.406921;,
 1059.854492;0.000004;-548.611328;,
 1062.442627;0.000004;-554.815735;,
 1065.030518;0.000004;-561.019531;,
 1067.618286;0.000004;-567.223145;,
 1070.206055;0.000004;-573.426758;,
 1072.793457;0.000004;-579.629211;,
 1075.382202;0.000004;-585.835083;,
 1077.969849;0.000004;-592.038574;,
 1080.557739;0.000004;-598.242249;,
 1083.145874;0.000004;-604.446594;,
 1085.731689;0.000004;-610.645569;,
 1088.320923;0.000004;-616.852356;,
 1090.909546;0.000004;-623.058289;,
 1093.498901;0.000004;-629.265808;,
 1096.085205;0.000004;-635.465576;,
 1098.672363;0.000004;-641.667725;,
 1101.258789;0.000004;-647.868164;,
 1103.847656;0.000004;-654.073975;,
 1106.435669;0.000004;-660.278137;,
 1109.023804;0.000004;-666.482788;,
 1111.611816;0.000004;-672.687012;,
 1114.198730;0.000004;-678.888123;,
 1116.787109;0.000004;-685.093201;,
 1119.375244;0.000004;-691.297913;,
 1121.963867;0.000004;-697.503296;,
 1124.550659;0.000004;-703.704529;,
 1127.138428;0.000004;-709.908325;,
 1129.725952;0.000004;-716.110901;,
 1132.315063;0.000004;-722.317871;,
 1134.902100;0.000004;-728.519714;,
 1137.489258;0.000004;-734.721497;,
 1140.075195;0.000004;-740.920532;,
 1142.664917;0.000004;-747.128906;,
 1145.253296;0.000004;-753.333984;,
 1147.841797;0.000004;-759.539307;,
 1150.429321;0.000004;-765.742554;,
 1153.016479;0.000004;-771.944641;,
 1155.604126;0.000004;-778.147644;,
 1158.191528;0.000004;-784.350037;,
 1160.780273;0.000004;-790.556274;,
 1163.368042;0.000004;-796.759521;,
 1165.955444;0.000004;-802.962708;,
 1168.542480;0.000004;-809.164551;,
 1171.130005;0.000004;-815.367310;,
 1173.718872;0.000004;-821.573669;,
 1176.306763;0.000004;-827.777405;,
 1178.896851;0.000004;-833.986511;,
 1181.483032;0.000004;-840.186218;,
 1184.069824;0.000004;-846.387878;,
 1186.656982;0.000004;-852.589661;,
 1189.245850;0.000004;-858.796082;,
 1191.833862;0.000004;-865.000061;,
 1194.421753;0.000004;-871.203430;,
 1197.006592;0.000004;-877.400085;,
 1199.595947;0.000004;-883.607483;,
 1202.184692;0.000004;-889.813660;,
 1204.773926;0.000004;-896.020386;,
 1207.362549;0.000004;-902.226074;,
 1209.949219;0.000004;-908.427124;,
 1212.536011;0.000004;-914.628235;,
 1215.122437;0.000004;-920.828613;,
 1217.711670;0.000004;-927.035706;,
 1220.299683;0.000004;-933.239441;,
 1222.887573;0.000004;-939.443481;,
 1225.473145;0.000004;-945.641724;,
 1228.062866;0.000004;-951.849609;,
 1230.650879;0.000004;-958.054077;,
 1233.238525;0.000004;-964.257385;,
 1235.828857;0.000004;-970.466858;,
 1238.414551;0.000004;-976.665710;,
 1241.001953;0.000004;-982.868408;,
 1243.589600;0.000004;-989.071838;,
 1246.179077;0.000004;-995.279236;,
 1248.765869;0.000004;-1001.480591;,
 1251.353394;0.000004;-1007.683838;,
 1253.938110;0.000004;-1013.879700;,
 1256.527344;0.000004;-1020.087097;,
 1259.116821;0.000004;-1026.294434;,
 1261.705078;0.000004;-1032.498901;,
 1264.294067;0.000004;-1038.705322;,
 1266.880493;0.000004;-1044.905884;,
 1269.467407;0.000004;-1051.106934;,
 1272.053955;0.000004;-1057.307617;,
 1274.643066;0.000004;-1063.514648;,
 1277.231445;0.000004;-1069.719604;,
 1279.819214;0.000004;-1075.923218;,
 1282.407349;0.000004;-1082.128052;,
 1284.986938;0.000004;-1088.331177;,
 1287.538940;0.000004;-1094.550903;,
 1290.090698;0.000004;-1100.770386;,
 1292.678589;0.000004;-1106.975952;,
 1295.352417;0.000004;-1113.140747;,
 1298.165039;0.000004;-1119.246460;,
 1301.076904;0.000004;-1125.305054;,
 1304.016479;0.000004;-1131.351074;,
 1306.892700;0.000004;-1137.421875;,
 1309.747437;0.000004;-1143.511597;,
 1312.632446;0.000004;-1149.593750;,
 1315.926514;0.000004;-1155.434814;,
 1319.455688;0.000004;-1161.156250;,
 1323.139404;0.000003;-1166.780273;,
 1327.071045;0.000003;-1172.239868;,
 1331.296875;0.000003;-1177.444092;,
 1335.624634;0.000003;-1182.597900;,
 1339.965698;0.000003;-1187.752319;,
 1344.419189;0.000003;-1192.754150;,
 1349.119751;0.000003;-1197.558350;,
 1353.884521;0.000003;-1202.283447;,
 1358.666382;0.000003;-1207.016724;,
 1363.455322;0.000004;-1211.750977;,
 1368.258423;0.000004;-1216.483276;,
 1373.167969;0.000004;-1221.020996;,
 1378.215332;0.000004;-1225.464111;,
 1383.366821;0.000003;-1229.786499;,
 1388.614258;0.000002;-1233.992432;,
 1393.963257;0.000002;-1238.068726;,
 1399.399414;0.000001;-1242.028442;,
 1404.918213;-0.000001;-1245.872681;,
 1410.546143;-0.000002;-1249.554199;,
 1416.288330;-0.000003;-1253.064941;,
 1422.145996;-0.000003;-1256.341431;,
 1428.072632;-0.000002;-1259.531006;,
 1434.006592;-0.000002;-1262.685425;,
 1439.977417;-0.000002;-1265.780884;,
 1445.966675;-0.000003;-1268.850464;,
 1451.956055;-0.000003;-1271.926758;,
 1457.744629;-0.000003;-1275.319214;,
 1463.403076;-0.000003;-1278.953613;,
 1468.874146;-0.000004;-1282.863525;,
 1474.101685;-0.000006;-1287.093140;,
 1479.138184;-0.000008;-1291.549194;,
 1484.060547;-0.000008;-1296.130615;,
 1488.790527;-0.000006;-1300.908447;,
 1493.363770;-0.000006;-1305.808838;,
 1497.865845;-0.000007;-1310.818604;,
 1502.355591;-0.000008;-1315.832764;,
 1506.753174;-0.000008;-1320.902466;,
 1510.974976;-0.000007;-1326.135010;,
 1515.118164;-0.000005;-1331.430298;,
 1519.155029;-0.000005;-1336.795410;,
 1522.919312;-0.000003;-1342.360962;,
 1526.602661;-0.000002;-1347.992554;,
 1530.248291;-0.000001;-1353.646240;,
 1533.803711;0.000000;-1359.346802;,
 1537.188843;0.000000;-1365.150757;,
 1540.496338;0.000000;-1371.001465;,
 1543.852173;0.000000;-1376.825562;,
 1547.213013;0.000000;-1382.649902;,
 1550.573120;0.000000;-1388.472656;,
 1553.934692;0.000000;-1394.298218;,
 1557.293457;0.000000;-1400.118774;,
 1560.652832;0.000000;-1405.940430;,
 1564.012085;0.000000;-1411.761963;,
 1567.371094;0.000000;-1417.583008;,
 1570.732178;0.000000;-1423.407471;,
 1574.093628;0.000000;-1429.232788;,
 1577.454468;0.000000;-1435.057007;,
 1580.812744;0.000000;-1440.876831;,
 1584.170288;0.000000;-1446.695557;,
 1587.530884;0.000000;-1452.519287;,
 1590.891357;0.000000;-1458.342896;,
 1594.252197;0.000000;-1464.166992;,
 1597.611938;0.000000;-1469.989136;,
 1600.971802;0.000000;-1475.811768;,
 1604.331909;0.000000;-1481.634644;,
 1607.691406;0.000000;-1487.456543;,
 1611.050537;-0.000000;-1493.277710;,
 1614.411255;-0.000000;-1499.101807;,
 1617.772095;-0.000000;-1504.925903;,
 1621.133057;-0.000000;-1510.750488;,
 1624.492310;0.000000;-1516.571777;,
 1627.850830;0.000001;-1522.391968;,
 1631.209839;0.000001;-1528.212891;,
 1634.570923;0.000001;-1534.037354;,
 1637.931396;0.000001;-1539.861450;,
 1641.291504;0.000001;-1545.684448;,
 1644.651245;0.000001;-1551.506592;,
 1648.011230;0.000001;-1557.329346;,
 1651.371094;0.000001;-1563.151978;,
 1654.731079;0.000001;-1568.974609;,
 1658.090210;0.000001;-1574.796021;,
 1661.450684;0.000001;-1580.619385;,
 1664.811157;0.000001;-1586.442749;,
 1668.171875;0.000001;-1592.266724;,
 1671.532104;0.000001;-1598.089966;,
 1674.890381;0.000001;-1603.909790;,
 1678.250366;0.000001;-1609.732544;,
 1681.610229;0.000001;-1615.555054;,
 1684.970459;0.000001;-1621.378174;,
 1688.331055;0.000001;-1627.201904;,
 1691.689697;0.000001;-1633.022461;,
 1695.050049;0.000001;-1638.845825;,
 1698.410400;0.000001;-1644.669434;,
 1701.770630;0.000001;-1650.492798;,
 1705.129883;0.000001;-1656.314087;,
 1708.489990;0.000001;-1662.137207;,
 1711.849854;0.000001;-1667.959595;,
 1715.210205;0.000001;-1673.782837;,
 1718.570801;0.000001;-1679.606689;,
 1721.930176;0.000001;-1685.428223;,
 1725.290283;0.000001;-1691.251099;,
 1728.649414;0.000001;-1697.072388;,
 1732.010132;0.000001;-1702.896240;,
 1735.370605;0.000001;-1708.719971;,
 1738.731079;0.000001;-1714.543579;,
 1742.090332;0.000001;-1720.364868;,
 1745.449829;0.000002;-1726.186890;,
 1748.809448;0.000002;-1732.009277;,
 1752.169678;0.000002;-1737.832275;,
 1755.530273;0.000002;-1743.656128;,
 1758.890991;0.000002;-1749.480225;,
 1762.250244;0.000002;-1755.301636;,
 1765.609863;0.000002;-1761.123657;,
 1768.969482;0.000002;-1766.945679;,
 1772.330444;0.000002;-1772.769897;,
 1775.689941;0.000002;-1778.591919;,
 1779.049561;0.000002;-1784.414063;,
 1782.409912;0.000002;-1790.237183;,
 1785.770508;0.000002;-1796.061035;,
 1789.130493;0.000002;-1801.883667;,
 1792.488892;0.000002;-1807.703735;,
 1795.849731;0.000002;-1813.527954;,
 1799.209961;0.000002;-1819.351074;,
 1802.570679;0.000002;-1825.175293;,
 1805.931030;0.000002;-1830.998779;,
 1809.289917;0.000002;-1836.819458;,
 1812.649536;0.000002;-1842.641602;,
 1816.006592;0.000002;-1848.459229;,
 1819.368896;0.000002;-1854.286011;,
 1822.729736;0.000002;-1860.110107;,
 1826.090820;0.000002;-1865.934692;,
 1829.452515;0.000002;-1871.760376;,
 1832.808838;0.000002;-1877.576782;,
 1836.167114;0.000002;-1883.396851;,
 1839.525757;0.000002;-1889.217163;,
 1842.887207;0.000002;-1895.042480;,
 1846.248535;0.000002;-1900.867310;,
 1849.610107;0.000002;-1906.692627;,
 1852.969116;0.000002;-1912.513672;,
 1856.328247;0.000002;-1918.334839;,
 1859.687500;0.000003;-1924.156494;,
 1863.047241;0.000003;-1929.979004;,
 1866.407471;0.000003;-1935.801880;,
 1869.768066;0.000003;-1941.625610;,
 1873.128052;0.000003;-1947.448364;,
 1876.487671;0.000003;-1953.270508;,
 1879.848022;0.000003;-1959.093750;,
 1883.207520;0.000003;-1964.915894;,
 1886.567627;0.000003;-1970.738647;,
 1889.926514;0.000003;-1976.559326;,
 1893.287720;0.000003;-1982.384277;,
 1896.648438;0.000003;-1988.208252;,
 1900.006470;0.000003;-1994.027710;,
 1903.367310;0.000003;-1999.851929;,
 1906.728149;0.000003;-2005.676147;,
 1910.088013;0.000003;-2011.498779;,
 1913.447388;0.000003;-2017.320557;,
 1916.807007;0.000003;-2023.142700;,
 1920.166260;0.000003;-2028.964233;,
 1923.527100;0.000003;-2034.788452;,
 1926.887085;0.000003;-2040.611328;,
 1930.247314;0.000003;-2046.434326;,
 1933.607056;0.000003;-2052.256836;,
 1936.967163;0.000003;-2058.079834;,
 1940.327393;0.000003;-2063.902588;,
 1943.687256;0.000003;-2069.725098;,
 1947.046631;0.000003;-2075.546875;,
 1950.406860;0.000003;-2081.370117;,
 1953.767334;0.000003;-2087.193604;,
 1957.127686;0.000003;-2093.017090;,
 1960.486938;0.000003;-2098.838379;,
 1963.847412;0.000003;-2104.661865;,
 1967.206787;0.000003;-2110.483643;,
 1970.566040;0.000003;-2116.305420;,
 1973.927002;0.000003;-2122.129883;,
 1977.286865;0.000003;-2127.952148;,
 1980.647339;0.000004;-2133.775635;,
 1984.007446;0.000004;-2139.598633;,
 1987.365967;0.000004;-2145.418945;,
 1990.726685;0.000004;-2151.242920;,
 1994.087402;0.000004;-2157.066895;,
 1997.448242;0.000004;-2162.890869;,
 2000.808472;0.000004;-2168.713867;,
 2004.166870;0.000004;-2174.534180;,
 2007.525391;0.000004;-2180.354248;,
 2010.884033;0.000004;-2186.174805;,
 2014.244995;0.000004;-2191.999023;,
 2017.606567;0.000004;-2197.824219;,
 2020.968140;0.000004;-2203.649902;,
 2024.329468;0.000004;-2209.474854;,
 2027.671997;0.000004;-2215.300537;,
 2031.008423;0.000004;-2221.133301;,
 2034.406616;0.000004;-2226.932373;,
 2037.891357;0.000004;-2232.681396;,
 2041.418945;0.000004;-2238.406982;,
 2044.946167;0.000004;-2244.132813;,
 2048.437256;0.000004;-2249.880615;,
 2051.866943;0.000004;-2255.656250;,
 2055.267334;0.000004;-2261.456543;,
 2058.618408;0.000004;-2267.284912;,
 2061.886475;0.000004;-2273.153564;,
 2065.072754;0.000004;-2279.076904;,
 2068.212158;0.000005;-2285.037354;,
 2070.903320;0.000005;-2291.168457;,
 2073.088867;0.000005;-2297.516602;,
 2075.200684;0.000005;-2303.880371;,
 2076.405029;0.000005;-2310.501953;,
 2076.746338;0.000005;-2317.197266;,
 2076.106934;0.000004;-2323.896729;,
 2074.292236;0.000003;-2330.357910;,
 2071.849365;0.000004;-2336.651611;,
 2069.107666;0.000005;-2342.746338;,
 2065.604248;0.000005;-2348.476318;,
 2061.609375;0.000005;-2353.884766;,
 2057.428467;0.000004;-2359.152588;,
 2052.863525;0.000004;-2364.082031;,
 2047.981567;0.000004;-2368.679932;,
 2042.761108;0.000004;-2372.937500;,
 2037.427612;0.000004;-2377.046387;,
 2031.850220;0.000004;-2380.786621;,
 2026.171631;0.000004;-2384.390869;,
 2020.529419;0.000004;-2388.050049;,
 2014.886230;0.000004;-2391.709961;,
 2009.247681;0.000004;-2395.366943;,
 2003.601807;0.000004;-2399.028809;,
 1997.955811;0.000004;-2402.690674;,
 1992.316772;0.000004;-2406.347900;,
 1986.673950;0.000004;-2410.007813;,
 1981.031006;0.000004;-2413.667969;,
 1975.388916;0.000004;-2417.327148;,
 1969.750977;0.000004;-2420.983887;,
 1964.103882;0.000004;-2424.646240;,
 1958.460938;0.000004;-2428.305908;,
 1952.814087;0.000004;-2431.968018;,
 1947.175171;0.000004;-2435.625000;,
 1941.533569;0.000004;-2439.283936;,
 1935.888794;0.000004;-2442.944824;,
 1930.247925;0.000004;-2446.603271;,
 1924.609985;0.000004;-2450.259766;,
 1918.963745;0.000004;-2453.921875;,
 1913.319214;0.000004;-2457.582764;,
 1907.675293;0.000004;-2461.243408;,
 1902.033936;0.000004;-2464.902344;,
 1896.394653;0.000004;-2468.559814;,
 1890.751099;0.000004;-2472.219727;,
 1885.107178;0.000004;-2475.880127;,
 1879.463745;0.000004;-2479.540283;,
 1873.823486;0.000004;-2483.198486;,
 1868.179810;0.000004;-2486.858643;,
 1862.534302;0.000004;-2490.520264;,
 1856.892944;0.000004;-2494.178955;,
 1851.251831;0.000004;-2497.837646;,
 1845.609863;0.000004;-2501.496826;,
 1839.965820;0.000004;-2505.157715;,
 1834.324951;0.000004;-2508.816162;,
 1828.681396;0.000004;-2512.476318;,
 1823.037476;0.000004;-2516.136719;,
 1817.395874;0.000004;-2519.795654;,
 1811.752441;0.000004;-2523.455811;,
 1806.110718;0.000004;-2527.114746;,
 1800.466675;0.000004;-2530.775391;,
 1794.824463;0.000004;-2534.434814;,
 1789.181519;0.000004;-2538.094727;,
 1783.538330;0.000004;-2541.754639;,
 1777.895264;0.000004;-2545.414551;,
 1772.253296;0.000004;-2549.073730;,
 1766.609985;0.000004;-2552.733887;,
 1760.966797;0.000004;-2556.393799;,
 1755.325195;0.000004;-2560.052490;,
 1749.680908;0.000004;-2563.713135;,
 1744.038818;0.000004;-2567.372314;,
 1738.396851;0.000004;-2571.031494;,
 1732.753540;0.000004;-2574.691406;,
 1727.111084;0.000004;-2578.350830;,
 1721.468018;0.000004;-2582.010986;,
 1715.826416;0.000004;-2585.669922;,
 1710.182739;0.000004;-2589.330322;,
 1704.539429;0.000004;-2592.990479;,
 1698.896973;0.000004;-2596.649902;,
 1693.254150;0.000004;-2600.309570;,
 1687.611328;0.000004;-2603.969238;,
 1681.968506;0.000004;-2607.628906;,
 1676.325439;0.000004;-2611.288818;,
 1670.682129;0.000004;-2614.948975;,
 1665.039673;0.000004;-2618.608398;,
 1659.397095;0.000004;-2622.267822;,
 1653.755127;0.000004;-2625.927002;,
 1648.112061;0.000004;-2629.587158;,
 1642.467041;0.000004;-2633.248535;,
 1636.823242;0.000004;-2636.908936;,
 1631.185303;0.000004;-2640.565430;,
 1625.544800;0.000004;-2644.223633;,
 1619.899780;0.000004;-2647.884766;,
 1614.255249;0.000004;-2651.545654;,
 1608.612061;0.000004;-2655.205566;,
 1602.970581;0.000004;-2658.864258;,
 1597.328125;0.000004;-2662.523926;,
 1591.685547;0.000004;-2666.183350;,
 1586.043213;0.000004;-2669.842773;,
 1580.399170;0.000004;-2673.503662;,
 1574.754028;0.000004;-2677.164795;,
 1569.113159;0.000004;-2680.823486;,
 1563.472412;0.000004;-2684.481934;,
 1557.846924;0.000416;-2688.166260;,
 1552.227417;0.001060;-2691.867188;,
 1546.468994;-0.002024;-2695.329590;,
 1540.436035;-0.014202;-2698.284424;,
 1534.180786;-0.041592;-2700.778564;,
 1527.660156;-0.066464;-2702.381592;,
 1521.000854;-0.048295;-2703.335449;,
 1514.313721;-0.009740;-2704.061768;,
 1507.614990;0.005878;-2704.597656;,
 1500.895996;0.005172;-2704.997070;,
 1494.175171;0.001109;-2705.363525;,
 1487.462036;0.000005;-2705.746338;,
 1480.746094;0.000004;-2706.135010;,
 1474.025879;0.000004;-2706.471924;,
 1467.304932;0.000004;-2706.718506;,
 1460.578369;0.000003;-2706.881104;,
 1453.850952;0.000002;-2706.979248;,
 1447.124634;0.000011;-2707.136230;,
 1440.401123;0.000029;-2707.337891;,
 1433.678833;0.000046;-2707.531250;,
 1426.952148;0.000062;-2707.723145;,
 1420.225586;0.000079;-2707.915283;,
 1413.504150;0.000095;-2708.106934;,
 1406.778687;0.000111;-2708.298828;,
 1400.052490;0.000127;-2708.490723;,
 1393.325317;0.000143;-2708.682617;,
 1386.603516;0.000159;-2708.874512;,
 1379.878540;0.000176;-2709.066162;,
 1373.156738;0.000192;-2709.258057;,
 1366.428833;0.000209;-2709.450195;,
 1359.704102;0.000225;-2709.642090;,
 1352.981812;0.000241;-2709.833984;,
 1346.254761;0.000257;-2710.026123;,
 1339.528198;0.000273;-2710.218018;,
 1332.800537;0.000289;-2710.410156;,
 1326.079346;0.000306;-2710.602051;,
 1319.357056;0.000322;-2710.793457;,
 1312.631470;0.000338;-2710.985352;,
 1305.904663;0.000354;-2711.177490;,
 1299.179321;0.000370;-2711.369629;,
 1292.454956;0.000386;-2711.561768;,
 1285.730469;0.000403;-2711.753418;,
 1279.005371;0.000419;-2711.945557;,
 1272.283081;0.000436;-2712.137451;,
 1265.556519;0.000452;-2712.329590;,
 1258.829834;0.000468;-2712.521240;,
 1252.102539;0.000484;-2712.713379;,
 1245.379517;0.000500;-2712.905273;,
 1238.657837;0.000516;-2713.097168;,
 1231.933594;0.000532;-2713.289063;,
 1225.207153;0.000549;-2713.480957;,
 1218.480957;0.000565;-2713.673096;,
 1211.757324;0.000581;-2713.864990;,
 1205.032104;0.000598;-2714.057129;,
 1198.307129;0.000614;-2714.249023;,
 1191.581421;0.000630;-2714.440674;,
 1184.856812;0.000646;-2714.632813;,
 1178.133057;0.000662;-2714.824951;,
 1171.407837;0.000679;-2715.016846;,
 1164.682129;0.000695;-2715.208740;,
 1157.956177;0.000711;-2715.400635;,
 1151.231689;0.000727;-2715.592529;,
 1144.507202;0.000743;-2715.784668;,
 1137.782715;0.000759;-2715.976807;,
 1131.056763;0.000776;-2716.168701;,
 1124.332031;0.000792;-2716.360596;,
 1117.607544;0.000808;-2716.552734;,
 1110.885864;0.000834;-2716.748535;,
 1104.158569;0.000874;-2716.949219;,
 1097.429565;0.000898;-2717.144043;,
 1090.707153;0.000781;-2717.287842;,
 1083.985962;0.000391;-2717.321533;,
 1077.255615;0.000054;-2717.339111;,
 1070.530396;-0.000033;-2717.265137;,
 1063.805542;0.000003;-2717.129883;,
 1057.089478;0.000006;-2716.826904;,
 1050.410889;0.000005;-2716.009521;,
 1043.816528;0.000004;-2714.700195;,
 1037.421387;0.000004;-2712.616699;,
 1031.154785;0.000005;-2710.226318;,
 1025.002197;0.000006;-2707.467041;,
 1019.138306;-0.000016;-2704.184326;,
 1013.372498;-0.000046;-2700.714111;,
 1007.583618;-0.000074;-2697.294678;,
 1001.787231;-0.000101;-2693.886230;,
 995.988403;-0.000128;-2690.476563;,
 990.189392;-0.000155;-2687.066895;,
 984.392090;-0.000183;-2683.658203;,
 978.593811;-0.000210;-2680.249023;,
 972.795654;-0.000237;-2676.839844;,
 966.997437;-0.000263;-2673.430664;,
 961.200562;-0.000290;-2670.021973;,
 955.401672;-0.000318;-2666.612061;,
 949.604553;-0.000345;-2663.203125;,
 943.805969;-0.000372;-2659.793701;,
 938.007324;-0.000399;-2656.384277;,
 932.210632;-0.000427;-2652.975830;,
 926.412781;-0.000454;-2649.566650;,
 920.614197;-0.000481;-2646.156982;,
 914.815674;-0.000508;-2642.747559;,
 909.019348;-0.000535;-2639.339111;,
 903.221802;-0.000562;-2635.929932;,
 897.422485;-0.000589;-2632.520020;,
 891.625244;-0.000617;-2629.111328;,
 885.826782;-0.000644;-2625.702148;,
 880.028015;-0.000671;-2622.292725;,
 874.230530;-0.000698;-2618.883789;,
 868.434265;-0.000725;-2615.475586;,
 862.635620;-0.000752;-2612.065918;,
 856.836365;-0.000779;-2608.656006;,
 851.038879;-0.000806;-2605.247559;,
 845.241516;-0.000834;-2601.838623;,
 839.443420;-0.000861;-2598.429443;,
 833.645081;-0.000888;-2595.020020;,
 827.846680;-0.000915;-2591.610596;,
 822.049072;-0.000942;-2588.201660;,
 816.251099;-0.000969;-2584.792725;,
 810.453247;-0.000997;-2581.383545;,
 804.654785;-0.001024;-2577.973877;,
 798.856995;-0.001051;-2574.564697;,
 793.059570;-0.001078;-2571.156006;,
 787.261108;-0.001105;-2567.746582;,
 781.463196;-0.001132;-2564.337402;,
 775.666138;-0.001159;-2560.928711;,
 769.866272;-0.001187;-2557.518311;,
 764.069641;-0.001214;-2554.109863;,
 758.271973;-0.001241;-2550.700928;,
 752.473450;-0.001269;-2547.291504;,
 746.675842;-0.001296;-2543.882568;,
 740.877502;-0.001322;-2540.473145;,
 735.079407;-0.001349;-2537.064209;,
 729.281555;-0.001377;-2533.655273;,
 723.482788;-0.001404;-2530.245605;,
 717.686829;-0.001431;-2526.837402;,
 711.898254;-0.001458;-2523.433594;,
 706.094788;-0.001485;-2520.021240;,
 698.991882;-0.001518;-2515.844727;,
 704.802063;-0.001491;-2519.261230;,
 700.678406;-0.001510;-2516.836426;,
 694.875549;-0.001537;-2513.424316;,
 689.073303;-0.001565;-2510.012451;,
 683.282593;-0.001592;-2506.607666;,
 677.487549;-0.001619;-2503.200195;,
 671.688477;-0.001647;-2499.790283;,
 665.890259;-0.001674;-2496.380859;,
 660.092041;-0.001701;-2492.971436;,
 654.296387;-0.001728;-2489.563965;,
 648.496704;-0.001755;-2486.153564;,
 642.696899;-0.001783;-2482.742920;,
 636.900696;-0.001809;-2479.334961;,
 631.103333;-0.001836;-2475.926025;,
 625.304504;-0.001863;-2472.516357;,
 619.505798;-0.001891;-2469.106445;,
 613.709656;-0.001918;-2465.698486;,
 607.911560;-0.001945;-2462.289307;,
 602.112244;-0.001972;-2458.879639;,
 596.315063;-0.001999;-2455.471191;,
 590.517334;-0.002027;-2452.062256;,
 584.719299;-0.002054;-2448.653076;,
 578.921204;-0.002080;-2445.243408;,
 573.123413;-0.002107;-2441.834229;,
 567.325378;-0.002135;-2438.425049;,
 561.527344;-0.002162;-2435.015869;,
 555.729309;-0.002190;-2431.606689;,
 549.931396;-0.002217;-2428.197510;,
 544.133545;-0.002244;-2424.788330;,
 538.335815;-0.002271;-2421.379150;,
 532.536499;-0.002298;-2417.968994;,
 526.739624;-0.002325;-2414.560547;,
 520.941528;-0.002398;-2411.151367;,
 515.144043;-0.002500;-2407.742432;,
 509.344299;-0.001153;-2404.335693;,
 503.543304;0.000376;-2400.928467;,
 497.747437;0.000292;-2397.520508;,
 491.949188;0.000254;-2394.111084;,
 486.150757;0.000227;-2390.701660;,
 480.353241;0.000200;-2387.292969;,
 474.555115;0.000172;-2383.883789;,
 468.755280;0.000145;-2380.473389;,
 462.959869;0.000118;-2377.065674;,
 457.161346;0.000091;-2373.656250;,
 451.361786;0.000064;-2370.246338;,
 445.566223;0.000037;-2366.838623;,
 439.767731;0.000180;-2363.429688;,
 433.971252;-0.001259;-2360.017822;,
 428.185913;-0.002867;-2356.612061;,
 422.380829;-0.003076;-2353.197998;,
 416.576996;-0.002999;-2349.785645;,
 413.834991;-0.002854;-2348.173828;,
 419.643402;-0.002826;-2351.589355;,
 410.396057;-0.002870;-2346.151855;,
 404.602295;-0.002897;-2342.745117;,
 398.806244;-0.002924;-2339.337158;,
 393.007660;-0.002952;-2335.927490;,
 387.210785;-0.002978;-2332.519287;,
 381.411896;-0.003006;-2329.109375;,
 375.612854;-0.003033;-2325.699707;,
 369.816376;-0.003060;-2322.291504;,
 364.018097;-0.003087;-2318.882324;,
 358.218872;-0.003114;-2315.472412;,
 352.422791;-0.003141;-2312.063965;,
 346.624207;-0.003168;-2308.654297;,
 340.825470;-0.003195;-2305.244873;,
 335.030151;-0.003222;-2301.837158;,
 329.229950;-0.003250;-2298.426758;,
 323.431976;-0.003278;-2295.017578;,
 317.635803;-0.003305;-2291.609375;,
 311.836395;-0.003331;-2288.199463;,
 306.038116;-0.003358;-2284.790039;,
 300.241058;-0.003385;-2281.381104;,
 294.443420;-0.003412;-2277.972168;,
 288.644470;-0.003440;-2274.562500;,
 282.845612;-0.003467;-2271.152832;,
 277.049652;-0.003494;-2267.744873;,
 271.252045;-0.003521;-2264.335938;,
 265.453003;-0.003549;-2260.926270;,
 259.653168;-0.003576;-2257.516113;,
 253.857620;-0.003603;-2254.108154;,
 248.060059;-0.003630;-2250.698975;,
 242.261841;-0.003657;-2247.289551;,
 236.464066;-0.003684;-2243.880371;,
 230.665833;-0.003711;-2240.470947;,
 224.868057;-0.003738;-2237.062012;,
 219.069855;-0.003766;-2233.652588;,
 213.271759;-0.003793;-2230.243164;,
 207.474014;-0.003820;-2226.833984;,
 201.676529;-0.003847;-2223.425293;,
 195.877686;-0.003874;-2220.015625;,
 190.079178;-0.003901;-2216.606201;,
 184.283585;-0.003928;-2213.198242;,
 178.484436;-0.003956;-2209.788574;,
 172.684998;-0.003983;-2206.378662;,
 166.888046;-0.004010;-2202.970215;,
 161.090195;-0.004037;-2199.560791;,
 155.294556;-0.004064;-2196.153076;,
 149.494415;-0.004092;-2192.742920;,
 143.696564;-0.004119;-2189.333740;,
 137.898972;-0.004146;-2185.924805;,
 132.101517;-0.004173;-2182.515625;,
 126.302719;-0.004200;-2179.105957;,
 120.505447;-0.004227;-2175.697021;,
 114.706352;-0.004254;-2172.287109;,
 108.908195;-0.004281;-2168.877930;,
 103.111534;-0.004309;-2165.469727;,
 97.313309;-0.004336;-2162.060303;,
 91.513428;-0.004364;-2158.649902;,
 85.718292;-0.004402;-2155.242188;,
 79.900360;-0.002908;-2151.888672;,
 74.122345;-0.001561;-2148.399170;,
 68.505516;-0.000512;-2144.729736;,
 63.164684;-0.000080;-2140.638916;,
 58.124249;0.000006;-2136.212646;,
 53.846848;0.000004;-2131.032227;,
 50.262314;0.000004;-2125.356445;,
 47.459419;0.000004;-2119.246582;,
 45.240765;0.000004;-2112.905273;,
 43.469303;0.000004;-2106.430176;,
 41.910519;0.000004;-2099.883789;,
 40.502563;0.000004;-2093.317139;,
 39.179802;0.000004;-2086.728271;,
 37.878895;0.000004;-2080.133301;,
 36.582241;0.000004;-2073.537598;,
 35.280865;0.000004;-2066.944092;,
 33.979427;0.000004;-2060.350098;,
 32.678165;0.000004;-2053.757324;,
 31.376486;0.000004;-2047.162109;,
 30.074852;0.000004;-2040.567383;,
 28.773350;0.000004;-2033.973633;,
 27.472027;0.000004;-2027.380859;,
 26.170326;0.000004;-2020.785889;,
 24.868881;0.000004;-2014.192261;,
 23.567448;0.000004;-2007.598755;,
 22.265808;0.000004;-2001.004150;,
 20.964195;0.000004;-1994.409912;,
 19.662777;0.000004;-1987.816528;,
 18.361111;0.000004;-1981.222046;,
 17.059311;0.000004;-1974.626831;,
 15.757937;0.000004;-1968.033691;,
 14.456539;0.000004;-1961.440186;,
 13.154975;0.000004;-1954.845825;,
 11.853496;0.000004;-1948.251831;,
 10.552001;0.000004;-1941.657715;,
 9.250407;0.000004;-1935.063477;,
 7.949058;0.000004;-1928.470581;,
 6.647774;0.000004;-1921.877808;,
 5.345863;0.000004;-1915.281860;,
 4.043975;0.000004;-1908.686035;,
 2.742732;0.000004;-1902.093628;,
 1.441479;0.000004;-1895.501343;,
 0.139678;0.000004;-1888.906006;,
 -1.161824;0.000004;-1882.312134;,
 -2.462852;0.000004;-1875.720581;,
 -3.764695;0.000004;-1869.124512;,
 -5.066640;0.000004;-1862.527954;,
 -6.367959;0.000004;-1855.934814;,
 -7.668919;0.000004;-1849.343506;,
 -8.970215;0.000004;-1842.750610;,
 -10.272031;0.000004;-1836.155029;,
 -11.573701;0.000004;-1829.560181;,
 -12.875150;0.000004;-1822.966553;,
 -14.176521;0.000004;-1816.373535;,
 -15.477978;0.000004;-1809.779785;,
 -16.779556;0.000004;-1803.185303;,
 -18.081127;0.000004;-1796.590820;,
 -19.382576;0.000004;-1789.996948;,
 -20.684063;0.000004;-1783.403076;,
 -21.985428;0.000004;-1776.809937;,
 -23.287136;0.000004;-1770.214966;,
 -24.588785;0.000004;-1763.620483;,
 -25.890463;0.000004;-1757.025879;,
 -27.191673;0.000004;-1750.433716;,
 -28.493084;0.000004;-1743.840454;,
 -29.794863;0.000004;-1737.245361;,
 -31.096640;0.000004;-1730.650269;,
 -32.397850;0.000004;-1724.057861;,
 -33.699390;0.000004;-1717.463501;,
 -35.001106;0.000004;-1710.868286;,
 -36.302410;0.000004;-1704.275513;,
 -37.603668;0.000004;-1697.683105;,
 -38.905514;0.000004;-1691.087646;,
 -40.207184;0.000004;-1684.493164;,
 -41.508366;0.000004;-1677.901001;,
 -42.810143;0.000004;-1671.305786;,
 -44.111759;0.000004;-1664.711304;,
 -45.413448;0.000004;-1658.116455;,
 -46.714451;0.000004;-1651.524658;,
 -48.015900;0.000004;-1644.930786;,
 -49.317646;0.000004;-1638.335571;,
 -50.619320;0.000004;-1631.740723;,
 -51.920521;0.000004;-1625.148438;,
 -53.222191;0.000004;-1618.553711;,
 -54.523956;0.000004;-1611.958618;,
 -55.825279;0.000004;-1605.365723;,
 -57.126968;0.000004;-1598.770874;,
 -58.427917;0.000004;-1592.179810;,
 -59.729858;0.000004;-1585.583862;,
 -61.031250;0.000004;-1578.990601;,
 -62.332722;0.000004;-1572.396973;,
 -63.634010;0.000004;-1565.804199;,
 -64.935822;0.000004;-1559.208862;,
 -66.237350;0.000004;-1552.614868;,
 -67.538628;0.000004;-1546.022217;,
 -68.840324;0.000004;-1539.427246;,
 -70.142014;0.000004;-1532.832397;,
 -71.443405;0.000004;-1526.239014;,
 -72.745018;0.000004;-1519.644653;,
 -74.046501;0.000004;-1513.050903;,
 -75.347961;0.000004;-1506.457031;,
 -76.649124;0.000004;-1499.864868;,
 -77.951134;0.000004;-1493.268433;,
 -79.252663;0.000004;-1486.674438;,
 -80.553680;0.000004;-1480.083130;,
 -81.855499;0.000004;-1473.487549;,
 -83.157524;0.000004;-1466.890991;,
 -84.459236;0.000004;-1460.296143;,
 -85.759796;0.000004;-1453.707153;,
 -87.061371;0.000004;-1447.112793;,
 -88.362953;0.000004;-1440.518311;,
 -89.664772;0.000004;-1433.922729;,
 -90.965683;0.000004;-1427.331909;,
 -92.267563;0.000004;-1420.736328;,
 -93.569633;0.000004;-1414.139893;,
 -94.870476;0.000004;-1407.549561;,
 -96.171021;0.000004;-1400.960693;,
 -97.473206;0.000004;-1394.363159;,
 -98.775047;0.000004;-1387.767578;,
 -100.076134;0.000004;-1381.176392;,
 -101.397804;0.000004;-1374.585449;,
 -102.714638;0.000004;-1367.993896;,
 -103.945816;0.000004;-1361.386230;,
 -105.037956;0.000004;-1354.755615;,
 -106.095184;0.000004;-1348.117798;,
 -107.149902;0.000004;-1341.479980;,
 -108.169098;0.000004;-1334.836182;,
 -109.133080;0.000004;-1328.188110;,
 -110.070328;0.000004;-1321.529297;,
 -110.803772;0.000004;-1314.847778;,
 -111.205544;0.000004;-1308.143921;,
 -111.507736;0.000004;-1301.428955;,
 -111.751892;0.000003;-1294.702026;,
 -111.813293;0.000003;-1287.995850;,
 -111.645706;0.000003;-1281.288696;,
 -111.173431;0.000003;-1274.584106;,
 -110.662285;0.000004;-1267.874512;,
 -110.103706;0.000004;-1261.167847;,
 -108.802490;0.000004;-1254.603271;,
 -107.124458;0.000003;-1248.096436;,
 -105.424843;0.000003;-1241.598145;,
 -103.734863;0.000004;-1235.086670;,
 -101.620293;0.000003;-1228.693848;,
 -99.102730;0.000004;-1222.480835;,
 -96.835197;0.000004;-1216.161377;,
 -94.237381;0.000004;-1209.962524;,
 -91.821671;0.000004;-1203.691650;,
 -89.603661;0.000004;-1197.328003;,
 -87.314781;0.000004;-1191.049561;,
 -85.622650;0.000004;-1184.535156;,
 -83.853279;0.000004;-1178.052734;,
 -82.332817;0.000004;-1171.506714;,
 -81.023705;0.000004;-1164.911377;,
 -80.154228;0.000004;-1158.250732;,
 -79.392319;0.000004;-1151.572266;,
 -78.751373;0.000004;-1144.883789;,
 -78.352982;0.000004;-1138.174194;,
 -78.107498;0.000004;-1131.458618;,
 -78.004448;0.000004;-1124.738281;,
 -77.965797;0.000004;-1118.013672;,
 -78.005974;0.000004;-1111.298828;,
 -78.008102;0.000004;-1104.579224;,
 -78.257484;0.000004;-1097.863892;,
 -78.628601;0.000004;-1091.150391;,
 -78.976906;0.000004;-1084.440063;,
 -79.320381;0.000004;-1077.727173;,
 -79.663872;0.000004;-1071.013794;,
 -80.007225;0.000004;-1064.302246;,
 -80.350502;0.000004;-1057.591675;,
 -80.693893;0.000004;-1050.879272;,
 -81.037262;0.000004;-1044.167847;,
 -81.380753;0.000004;-1037.454468;,
 -81.724243;0.000004;-1030.740601;,
 -82.067520;0.000004;-1024.031250;,
 -82.410950;0.000004;-1017.318542;,
 -82.754372;0.000004;-1010.605835;,
 -83.097832;0.000004;-1003.892822;,
 -83.441216;0.000004;-997.181396;,
 -83.784660;0.000004;-990.469360;,
 -84.128105;0.000004;-983.757080;,
 -84.471535;0.000004;-977.044922;,
 -84.814980;0.000004;-970.332458;,
 -85.158386;0.000004;-963.620544;,
 -85.501862;0.000004;-956.906860;,
 -85.845139;0.000004;-950.196655;,
 -86.188309;0.000004;-943.488831;,
 -86.531799;0.000004;-936.775208;,
 -86.875336;0.000004;-930.061157;,
 -87.218864;0.000004;-923.346802;,
 -87.562492;0.000004;-916.630615;,
 -87.905571;0.000004;-909.924683;,
 -88.248940;0.000004;-903.213257;,
 -88.592323;0.000004;-896.501343;,
 -88.935799;0.000004;-889.787964;,
 -89.279144;0.000004;-883.077332;,
 -89.622604;0.000004;-876.364380;,
 -89.966019;0.000004;-869.651794;,
 -90.309479;0.000004;-862.938660;,
 -90.652908;0.000004;-856.226196;,
 -90.996307;0.000004;-849.514709;,
 -91.339615;0.000004;-842.804749;,
 -91.683037;0.000004;-836.091980;,
 -92.026451;0.000004;-829.378906;,
 -92.369865;0.000004;-822.665894;,
 -92.713188;0.000004;-815.955139;,
 -93.056633;0.000004;-809.242676;,
 -93.400063;0.000004;-802.530273;,
 -93.743546;0.000004;-795.817078;,
 -94.086884;0.000004;-789.106079;,
 -94.430283;0.000004;-782.393555;,
 -94.773682;0.000004;-775.680969;,
 -95.117111;0.000004;-768.968018;,
 -95.460495;0.000004;-762.256775;,
 -95.803902;0.000004;-755.544922;,
 -96.147346;0.000004;-748.832397;,
 -96.490776;0.000004;-742.119812;,
 -96.834206;0.000004;-735.407349;,
 -97.177559;0.000004;-728.696716;,
 -97.521080;0.000004;-721.982910;,
 -97.864555;0.000004;-715.269836;,
 -98.207855;0.000004;-708.558777;,
 -98.551041;0.000004;-701.849548;,
 -98.894531;0.000004;-695.136108;,
 -99.238113;0.000004;-688.421326;,
 -99.581512;0.000004;-681.709290;,
 -99.924698;0.000004;-675.000183;,
 -100.267921;0.000004;-668.290771;,
 -100.611443;0.000004;-661.575684;,
 -100.954933;0.000004;-654.861572;,
 -101.298256;0.000004;-648.150696;,
 -101.641640;0.000004;-641.439209;,
 -101.985054;0.000004;-634.727173;,
 -102.328445;0.000004;-628.015198;,
 -102.671875;0.000004;-621.302673;,
 -103.015320;0.000004;-614.589722;,
 -103.358475;0.000004;-607.882690;,
 -103.702042;0.000004;-601.167847;,
 -104.045547;0.000004;-594.454224;,
 -104.389114;0.000004;-587.739502;,
 -104.732536;0.000004;-581.027100;,
 -105.075783;0.000004;-574.317871;,
 -105.419060;0.000004;-567.607544;,
 -105.762520;0.000004;-560.894409;,
 -106.105995;0.000004;-554.181519;,
 -106.449455;0.000004;-547.468750;,
 -106.792877;0.000004;-540.756165;,
 -107.136185;0.000004;-534.045349;,
 -107.479584;0.000004;-527.333069;,
 -107.823013;0.000004;-520.620728;,
 -108.166458;0.000004;-513.908020;,
 -108.509888;0.000004;-507.195618;,
 -108.853249;0.000004;-500.484680;,
 -109.196693;0.000004;-493.771912;,
 -109.540169;0.000004;-487.058990;,
 -109.883644;0.000004;-480.345673;,
 -110.226936;0.000004;-473.635895;,
 -110.570366;0.000004;-466.923431;,
 -110.913780;0.000004;-460.210999;,
 -111.257248;0.000004;-453.497589;,
 -111.600586;0.000004;-446.786804;,
 -111.944031;0.000004;-440.074341;,
 -112.287430;0.000004;-433.362396;,
 -112.630951;0.000004;-426.648163;,
 -112.974243;0.000004;-419.937897;,
 -113.317543;0.000004;-413.227081;,
 -113.660973;0.000004;-406.514069;,
 -114.004417;0.000004;-399.800812;,
 -114.347878;0.000004;-393.087402;,
 -114.691216;0.000004;-386.376862;,
 -115.034660;0.000004;-379.664215;,
 -115.378136;0.000004;-372.951111;,
 -115.721497;0.000004;-366.239777;,
 -116.064774;0.000004;-359.530060;,
 -116.408218;0.000004;-352.816772;,
 -116.751678;0.000004;-346.103210;,
 -117.095200;0.000004;-339.388672;,
 -117.438522;0.000004;-332.677887;,
 -117.781761;0.000004;-325.968658;,
 -118.125160;0.000004;-319.256897;,
 -118.468636;0.000004;-312.543762;,
 -118.812172;0.000004;-305.829742;,
 -119.155617;0.000004;-299.117615;,
 -119.498924;0.000004;-292.407928;,
 -119.842361;0.000004;-285.695648;,
 -120.185867;0.000004;-278.981964;,
 -120.529373;0.000004;-272.268280;,
 -120.872772;0.000004;-265.556885;,
 -121.216141;0.000004;-258.846191;,
 -121.559464;0.000004;-252.136353;,
 -121.902939;0.000004;-245.423187;,
 -122.246361;0.000004;-238.710922;,
 -122.589882;0.000004;-231.996841;,
 -122.933388;0.000004;-225.282990;,
 -123.276634;0.000004;-218.573883;,
 -123.620049;0.000004;-211.861542;,
 -123.963463;0.000004;-205.149323;,
 -124.306931;0.000004;-198.435806;,
 -124.650208;0.000004;-191.726440;,
 -124.993591;0.000004;-185.014679;,
 -125.337051;0.000004;-178.300888;,
 -125.680496;0.000004;-171.587738;,
 -126.023880;0.000004;-164.875687;,
 -126.367256;0.000004;-158.163773;,
 -126.710640;0.000004;-151.451904;,
 -127.054024;0.000004;-144.740112;,
 -127.397423;0.000004;-138.028305;,
 -127.740868;0.000004;-131.315613;,
 -128.084366;0.000004;-124.601845;,
 -128.427902;0.000004;-117.887512;,
 -128.771164;0.000004;-111.178802;,
 -129.114578;0.000004;-104.467583;,
 -129.458099;0.000004;-97.753464;,
 -129.801422;0.000004;-91.042374;,
 -130.144745;0.000004;-84.331573;,
 -130.488144;0.000004;-77.619469;,
 -130.831650;0.000004;-70.905807;,
 -131.175110;0.000004;-64.192680;,
 -131.518539;0.000004;-57.480598;,
 -131.861923;0.000004;-50.769073;,
 -132.205292;0.000004;-44.057446;,
 -132.548569;0.000004;-37.347809;,
 -132.892105;0.000004;-30.632961;,
 -133.235550;0.000004;-23.919849;,
 -133.579010;0.000004;-17.206253;,
 -133.922363;0.000004;-10.494523;,
 -134.265640;0.000004;-3.784515;,
 -134.608917;0.000004;2.925622;,
 -134.952423;0.000004;9.640180;,
 -135.295868;0.000004;16.353216;,
 -135.639252;0.000004;23.065022;,
 -135.970413;0.000004;29.776924;,
 -136.294174;0.000004;36.490837;,
 -136.642288;0.000004;43.203781;,
 -137.051773;0.000004;49.909866;,
 -137.528381;0.000004;56.615070;,
 -138.036636;0.000004;63.317059;,
 -138.536591;0.000004;70.018288;,
 -139.030182;0.000004;76.721840;,
 -139.519699;0.000004;83.423950;,
 -140.010208;0.000004;90.123512;,
 -140.812973;0.000004;96.776711;,
 -142.151810;0.000004;103.380936;,
 -144.017929;0.000004;109.834320;,
 -146.375671;0.000004;116.114265;,
 -149.041122;0.000004;122.299316;,
 -151.808075;0.000004;128.423431;,
 -154.635727;0.000004;134.521942;,
 -157.480545;0.000004;140.609146;,
 -160.272644;0.000002;146.725876;,
 -163.118240;0.000002;152.815140;,
 -166.050323;0.000003;158.863785;,
 -168.973068;0.000004;164.918167;,
 -171.879028;0.000004;170.978104;,
 -174.787018;0.000004;177.039108;,
 -177.695801;0.000004;183.100845;,
 -180.603394;0.000004;189.160156;,
 -183.511978;0.000004;195.221542;,
 -186.420486;0.000004;201.282776;,
 -189.328262;0.000004;207.342499;,
 -192.236877;0.000004;213.403946;,
 -195.144897;0.000004;219.464111;,
 -198.052368;0.000004;225.523056;,
 -200.960388;0.000004;231.583145;,
 -203.869461;0.000004;237.645523;,
 -206.778275;0.000004;243.707413;,
 -209.686005;0.000004;249.766983;,
 -212.593231;0.000004;255.825577;,
 -215.501831;0.000004;261.887054;,
 -218.410599;0.000004;267.948730;,
 -221.318375;0.000004;274.008423;,
 -224.226654;0.000004;280.068970;,
 -227.135864;0.000004;286.131622;,
 -230.043198;0.000004;292.190308;,
 -232.951675;0.000004;298.251465;,
 -235.859634;0.000004;304.311371;,
 -238.767456;0.000004;310.370941;,
 -241.675751;0.000004;316.431671;,
 -244.584976;0.000004;322.494354;,
 -247.493515;0.000004;328.555573;,
 -250.400543;0.000004;334.613739;,
 -253.308197;0.000004;340.673126;,
 -256.217133;0.000004;346.735107;,
 -259.126007;0.000004;352.796967;,
 -262.033447;0.000004;358.855804;,
 -264.941956;0.000004;364.916870;,
 -267.849670;0.000004;370.976318;,
 -270.757660;0.000004;377.036438;,
 -273.666504;0.000004;383.098297;,
 -276.575256;0.000004;389.160034;,
 -279.482910;0.000004;395.219391;,
 -282.391022;0.000004;401.279663;,
 -285.298737;0.000004;407.339203;,
 -288.207794;0.000004;413.401520;,
 -291.116272;0.000004;419.462738;,
 -294.023865;0.000004;425.522003;,
 -296.932007;0.000004;431.582367;,
 -299.840393;0.000004;437.643341;,
 -302.748718;0.000004;443.704102;,
 -305.656830;0.000004;449.764343;,
 -308.564667;0.000004;455.824127;,
 -311.473236;0.000004;461.885437;,
 -314.381989;0.000004;467.947113;,
 -317.290070;0.000004;474.007294;,
 -320.197418;0.000004;480.065918;,
 -323.105591;0.000004;486.126373;,
 -326.014587;0.000004;492.188568;,
 -328.923248;0.000004;498.250061;,
 -331.830902;0.000004;504.309479;,
 -334.738678;0.000004;510.369110;,
 -337.646454;0.000004;516.428711;,
 -340.555603;0.000004;522.491272;,
 -343.465607;0.000004;528.555359;,
 -346.371674;0.000004;534.611389;,
 -349.279236;0.000004;540.670471;,
 -352.188202;0.000004;546.732422;,
 -355.096649;0.000004;552.793396;,
 -358.004822;0.000004;558.853821;,
 -360.912872;0.000004;564.914124;,
 -363.821320;0.000004;570.975281;,
 -366.729126;0.000004;577.035156;,
 -369.637329;0.000004;583.095703;,
 -372.546021;0.000004;589.157043;,
 -375.453979;0.000004;595.217041;,
 -378.362305;0.000004;601.277954;,
 -381.270874;0.000004;607.339417;,
 -384.178986;0.000004;613.399780;,
 -387.086212;0.000004;619.458252;,
 -389.994781;0.000004;625.519348;,
 -392.903168;0.000004;631.580078;,
 -395.812592;0.000004;637.643005;,
 -398.718445;0.000004;643.698547;,
 -401.627563;0.000004;649.761108;,
 -404.536530;0.000004;655.823425;,
 -407.444366;0.000004;661.883301;,
 -410.352356;0.000004;667.943542;,
 -413.260925;0.000004;674.004822;,
 -416.168762;0.000004;680.064758;,
 -419.076324;0.000004;686.123962;,
 -421.985321;0.000004;692.185913;,
 -424.894562;0.000004;698.248291;,
 -427.802063;0.000004;704.307373;,
 -430.709198;0.000004;710.365784;,
 -433.618011;0.000004;716.427795;,
 -436.526672;0.000004;722.489441;,
 -439.433899;0.000004;728.547852;,
 -442.342682;0.000004;734.609497;,
 -445.252197;0.000004;740.672607;,
 -448.159332;0.000004;746.730896;,
 -451.066833;0.000004;752.790039;,
 -453.974792;0.000004;758.850037;,
 -456.883972;0.000004;764.912537;,
 -459.791748;0.000004;770.972229;,
 -462.699768;0.000004;777.032532;,
 -465.607788;0.000004;783.092773;,
 -468.516266;0.000004;789.153809;,
 -471.424347;0.000004;795.214050;,
 -474.332611;0.000004;801.274719;,
 -477.241302;0.000004;807.335999;,
 -480.149780;0.000004;813.396973;,
 -483.056641;0.000004;819.454773;,
 -485.965515;0.000004;825.516724;,
 -488.873840;0.000004;831.577698;,
 -491.783447;0.000004;837.641174;,
 -494.689423;0.000004;843.697083;,
 -497.597565;0.000004;849.757507;,
 -500.506012;0.000004;855.818604;,
 -503.414398;0.000004;861.879517;,
 -506.322723;0.000004;867.940308;,
 -509.230225;0.000004;873.999329;,
 -512.138855;0.000004;880.060913;,
 -515.047363;0.000004;886.122192;,
 -517.955811;0.000004;892.183167;,
 -520.863647;0.000004;898.242737;,
 -523.769165;0.000004;904.297546;,
 -526.679565;0.000004;910.362610;,
 -529.588074;0.000004;916.423828;,
 -532.497375;0.000004;922.486755;,
 -535.404724;0.000004;928.545593;,
 -538.312683;0.000004;934.605530;,
 -541.220581;0.000004;940.665344;,
 -544.128662;0.000004;946.725525;,
 -547.037292;0.000004;952.786804;,
 -549.945618;0.000004;958.847534;,
 -552.853943;0.000004;964.908142;,
 -555.762146;0.000004;970.968506;,
 -558.670532;0.000004;977.029236;,
 -561.578918;0.000004;983.089966;,
 -564.487366;0.000004;989.151062;,
 -567.395447;0.000004;995.211365;,
 -570.303345;0.000004;1001.271423;,
 -573.211487;0.000004;1007.331848;,
 -576.119568;0.000004;1013.392151;,
 -579.028259;0.000004;1019.453491;,
 -581.936523;0.000004;1025.514038;,
 -584.845276;0.000004;1031.575684;,
 -587.752930;0.000004;1037.635132;,
 -590.660461;0.000004;1043.694336;,
 -593.569214;0.000004;1049.755859;,
 -596.477600;0.000004;1055.816650;,
 -599.386047;0.000004;1061.877808;,
 -602.294189;0.000004;1067.938232;,
 -605.202332;0.000004;1073.998535;,
 -608.110535;0.000004;1080.059204;,
 -611.018738;0.000004;1086.119507;,
 -613.927002;0.000004;1092.180420;,
 -616.835327;0.000004;1098.241333;,
 -619.743713;0.000004;1104.302246;,
 -622.651733;0.000004;1110.362305;,
 -625.560059;0.000004;1116.423096;,
 -628.468872;0.000004;1122.484863;,
 -631.376404;0.000004;1128.544189;,
 -634.283936;0.000004;1134.603516;,
 -637.205933;0.000004;1140.658569;,
 -640.133789;0.000004;1146.710815;,
 -643.015747;0.000004;1152.785645;,
 -645.808228;0.000004;1158.896729;,
 -648.532166;0.000004;1165.043823;,
 -651.136841;0.000004;1171.240967;,
 -653.590149;0.000004;1177.497192;,
 -656.020569;0.000003;1183.763428;,
 -658.098145;0.000003;1190.152954;,
 -659.950073;0.000004;1196.654541;,
 -661.578735;0.000004;1203.133057;,
 -662.935425;0.000004;1209.714844;,
 -663.771729;0.000004;1216.383057;,
 -664.367126;0.000004;1223.072021;,
 -664.781494;0.000004;1229.780518;,
 -665.007813;0.000004;1236.500732;,
 -664.885986;0.000004;1243.219238;,
 -664.671326;0.000004;1249.933838;,
 -664.258057;0.000004;1254.034546;,
 -662.996582;0.000004;1260.638672;,
 -661.852112;0.000004;1267.260620;,
 -660.492798;0.000004;1273.843872;,
 -658.818054;0.000004;1280.346436;,
 -657.189087;0.000004;1286.882813;,
 -655.676453;0.000004;1293.443359;,
 -654.849976;0.000004;1300.084229;,
 -653.745300;0.000004;1306.708862;,
 -652.494934;0.000004;1313.314087;,
 -651.916016;0.000004;1320.003906;,
 -651.524780;0.000004;1326.713013;,
 -651.368713;0.000004;1333.402954;,
 -651.607971;0.000005;1340.145874;,
 -652.082764;0.000004;1346.847168;,
 -652.889709;0.000003;1353.517334;,
 -653.807922;0.000004;1360.177856;,
 -654.871399;0.000004;1366.813477;,
 -656.100281;0.000004;1373.423218;,
 -657.591003;0.000004;1379.972778;,
 -659.084351;0.000004;1386.527222;,
 -660.571533;0.000004;1393.083374;,
 -662.057312;0.000004;1399.633667;,
 -663.544861;0.000004;1406.192017;,
 -665.032715;0.000004;1412.751465;,
 -666.518188;0.000004;1419.300171;,
 -668.004395;0.000004;1425.852539;,
 -669.491638;0.000004;1432.408813;,
 -670.978394;0.000004;1438.963623;,
 -672.464783;0.000004;1445.516479;,
 -673.952026;0.000004;1452.073364;,
 -675.438843;0.000004;1458.628540;,
 -676.925354;0.000004;1465.182251;,
 -678.412415;0.000004;1471.738525;,
 -679.898621;0.000004;1478.290405;,
 -681.384216;0.000004;1484.839478;,
 -682.872253;0.000004;1491.399658;,
 -684.360046;0.000004;1497.958740;,
 -685.845947;0.000004;1504.509521;,
 -687.332092;0.000004;1511.061768;,
 -688.819214;0.000004;1517.618164;,
 -690.304016;0.000004;1524.163940;,
 -691.792053;0.000004;1530.724121;,
 -693.279541;0.000004;1537.281494;,
 -694.767334;0.000004;1543.840576;,
 -696.252563;0.000004;1550.388062;,
 -697.739441;0.000004;1556.942993;,
 -699.226074;0.000004;1563.497192;,
 -700.712830;0.000004;1570.051880;,
 -702.199341;0.000004;1576.605591;,
 -703.686768;0.000004;1583.162964;,
 -705.174133;0.000004;1589.719971;,
 -706.658447;0.000004;1596.264160;,
 -708.146484;0.000004;1602.823975;,
 -709.633118;0.000004;1609.378052;,
 -711.119080;0.000004;1615.929077;,
 -712.606750;0.000004;1622.487915;,
 -714.095154;0.000004;1629.050293;,
 -715.578979;0.000004;1635.591553;,
 -717.065674;0.000004;1642.145874;,
 -718.552917;0.000004;1648.702881;,
 -720.040100;0.000004;1655.259521;,
 -721.526001;0.000004;1661.810547;,
 -723.013245;0.000004;1668.367065;,
 -724.500122;0.000004;1674.922119;,
 -725.986450;0.000004;1681.475098;,
 -727.473511;0.000004;1688.031128;,
 -728.959961;0.000004;1694.584351;,
 -730.445862;0.000004;1701.135742;,
 -731.933411;0.000004;1707.693481;,
 -733.421326;0.000004;1714.253296;,
 -734.906982;0.000004;1720.803101;,
 -736.393738;0.000004;1727.357666;,
 -737.879944;0.000004;1733.910278;,
 -739.365356;0.000004;1740.458862;,
 -740.853271;0.000004;1747.018311;,
 -742.341064;0.000004;1753.576782;,
 -743.828003;0.000004;1760.131470;,
 -745.314087;0.000004;1766.682861;,
 -746.801270;0.000004;1773.238892;,
 -748.287354;0.000004;1779.790405;,
 -749.773865;0.000004;1786.344238;,
 -751.261047;0.000004;1792.901123;,
 -752.748169;0.000004;1799.457764;,
 -754.234558;0.000004;1806.010742;,
 -755.721008;0.000004;1812.563843;,
 -757.208130;0.000004;1819.119751;,
 -758.693909;0.000004;1825.669800;,
 -760.180969;0.000004;1832.225586;,
 -761.668518;0.000004;1838.784180;,
 -763.156128;0.000004;1845.342651;,
 -764.641663;0.000004;1851.891846;,
 -766.127930;0.000004;1858.444214;,
 -767.632507;0.000004;1864.994141;,
 -769.135986;0.000004;1871.547729;,
 -770.588318;0.000004;1878.108154;,
 -771.924988;-0.000019;1884.695068;,
 -773.153015;0.000013;1891.298462;,
 -774.322266;0.000128;1897.920898;,
 -775.441528;0.000304;1904.550293;,
 -776.489380;0.000604;1911.188110;,
 -777.446716;0.001054;1917.839600;,
 -778.377441;0.001571;1924.496460;,
 -779.272400;0.002150;1931.157227;,
 -780.078918;0.002973;1937.830078;,
 -780.779663;0.003231;1944.516602;,
 -781.241699;-0.000271;1951.215088;,
 -781.699402;0.005834;1957.922729;,
 -782.135986;0.014712;1964.635376;,
 -782.063782;0.001518;1971.349121;,
 -781.727722;0.001527;1978.051147;,
 -781.308289;0.003395;1984.765015;,
 -780.710571;0.003175;1991.453613;,
 -779.902771;0.001985;1998.119873;,
 -778.878662;0.000560;2004.767700;,
 -777.617310;-0.000169;2011.363525;,
 -775.937195;0.000011;2017.870117;,
 -774.001587;0.000010;2024.307495;,
 -771.693787;0.000010;2030.619019;,
 -768.941528;0.000010;2036.750366;,
 -765.780212;0.000010;2042.682251;,
 -762.272766;0.000011;2048.415771;,
 -758.426636;0.000012;2053.920654;,
 -754.498657;0.000010;2059.390869;,
 -750.484436;0.000005;2064.773438;,
 -746.217590;0.000007;2069.968750;,
 -741.883789;0.000010;2075.111084;,
 -737.667603;0.000006;2080.346436;,
 -733.214233;0.000004;2085.381592;,
 -728.553894;0.000004;2090.229980;,
 -723.860291;0.000004;2095.046631;,
 -719.203491;0.000004;2099.895752;,
 -714.550049;0.000004;2104.749268;,
 -709.896362;0.000004;2109.602783;,
 -705.242554;0.000004;2114.456543;,
 -700.588501;0.000004;2119.310547;,
 -695.935181;0.000004;2124.163818;,
 -691.281372;0.000004;2129.017334;,
 -686.627136;0.000004;2133.871582;,
 -681.972778;0.000004;2138.725586;,
 -677.320129;0.000004;2143.577881;,
 -672.666138;0.000004;2148.431885;,
 -668.012512;0.000004;2153.285645;,
 -663.358765;0.000004;2158.139404;,
 -658.706543;0.000004;2162.991455;,
 -654.051697;0.000004;2167.846191;,
 -649.397644;0.000004;2172.699951;,
 -644.743103;0.000004;2177.554443;,
 -640.090393;0.000004;2182.406982;,
 -635.437622;0.000004;2187.259766;,
 -630.784485;0.000004;2192.112793;,
 -626.129456;0.000004;2196.967773;,
 -621.473938;0.000004;2201.823242;,
 -616.821594;0.000004;2206.675293;,
 -612.169678;0.000004;2211.526855;,
 -607.514832;0.000004;2216.381836;,
 -602.861145;0.000004;2221.235352;,
 -598.207275;0.000004;2226.089111;,
 -593.553650;0.000004;2230.942627;,
 -588.900024;0.000004;2235.796143;,
 -584.247131;0.000004;2240.648682;,
 -579.592407;0.000004;2245.503662;,
 -574.938538;0.000004;2250.357666;,
 -570.284485;0.000004;2255.211670;,
 -565.632507;0.000004;2260.063477;,
 -560.979004;0.000004;2264.916992;,
 -556.324524;0.000004;2269.771484;,
 -551.670105;0.000004;2274.625488;,
 -547.016174;0.000004;2279.479492;,
 -542.363342;0.000004;2284.332275;,
 -537.709900;0.000004;2289.185547;,
 -533.056519;0.000004;2294.038818;,
 -528.402161;0.000004;2298.893311;,
 -523.747803;0.000004;2303.747559;,
 -519.094238;0.000004;2308.600830;,
 -514.440979;0.000004;2313.453857;,
 -509.787720;0.000004;2318.307129;,
 -505.133362;0.000004;2323.161377;,
 -500.479767;0.000004;2328.014893;,
 -495.826447;0.000004;2332.868164;,
 -491.172272;0.000004;2337.722168;,
 -486.517700;0.000004;2342.576660;,
 -481.864441;0.000004;2347.429688;,
 -477.211090;0.000004;2352.282959;,
 -472.557770;0.000004;2357.136230;,
 -467.903595;0.000004;2361.990479;,
 -463.249634;0.000004;2366.844238;,
 -458.595764;0.000004;2371.697998;,
 -453.942230;0.000004;2376.551514;,
 -449.288422;0.000004;2381.404785;,
 -444.634644;0.000004;2386.258545;,
 -439.980682;0.000004;2391.112549;,
 -435.327087;0.000004;2395.966064;,
 -430.673553;0.000004;2400.819580;,
 -426.019806;0.000004;2405.673340;,
 -421.365936;0.000004;2410.527100;,
 -416.711975;0.000004;2415.380859;,
 -412.058807;0.000004;2420.233887;,
 -407.404602;0.000004;2425.088135;,
 -402.749359;0.000004;2429.943604;,
 -398.098419;0.000004;2434.794434;,
 -393.445435;0.000004;2439.647217;,
 -388.790161;0.000004;2444.502441;,
 -384.134949;0.000004;2449.357422;,
 -379.482605;0.000004;2454.209717;,
 -374.830994;0.000004;2459.061279;,
 -370.177032;0.000004;2463.915283;,
 -365.521545;0.000004;2468.770752;,
 -360.865692;0.000004;2473.626465;,
 -356.214355;0.000004;2478.477539;,
 -351.561981;0.000004;2483.329346;,
 -346.907196;0.000004;2488.184326;,
 -342.254303;0.000004;2493.037354;,
 -337.601471;0.000004;2497.890381;,
 -332.946564;0.000004;2502.745117;,
 -328.291748;0.000004;2507.600098;,
 -323.637939;0.000004;2512.453857;,
 -318.985840;0.000004;2517.305664;,
 -314.334106;0.000004;2522.157227;,
 -309.678711;0.000004;2527.012695;,
 -305.023926;0.000004;2531.867432;,
 -300.369049;0.000004;2536.722168;,
 -295.716766;0.000004;2541.574463;,
 -291.064056;0.000004;2546.427246;,
 -286.410522;0.000004;2551.280762;,
 -281.756226;0.000004;2556.135010;,
 -277.101440;0.000004;2560.989746;,
 -272.447876;0.000004;2565.843262;,
 -267.795258;0.000004;2570.695557;,
 -263.143768;0.000004;2575.546631;,
 -258.488464;0.000004;2580.402100;,
 -253.833084;0.000004;2585.257568;,
 -249.177643;0.000004;2590.112793;,
 -244.527847;0.000004;2594.962402;,
 -239.875717;0.000004;2599.814453;,
 -235.220428;0.000004;2604.669678;,
 -230.564926;0.000004;2609.525146;,
 -225.911957;0.000004;2614.377930;,
 -221.259491;0.000004;2619.229980;,
 -216.606339;0.000004;2624.082764;,
 -211.951385;0.000004;2628.937744;,
 -207.297043;0.000004;2633.792236;,
 -202.643402;0.000004;2638.645752;,
 -197.990845;0.000004;2643.498535;,
 -193.339752;0.000004;2648.349609;,
 -188.684097;0.000004;2653.205322;,
 -184.028946;0.000004;2658.060303;,
 -179.372772;0.000004;2662.916504;,
 -174.722260;0.000004;2667.766602;,
 -170.069458;0.000004;2672.619385;,
 -165.416595;0.000004;2677.472168;,
 -160.761215;0.000004;2682.327637;,
 -156.105087;0.000004;2687.183838;,
 -151.454758;0.000004;2692.033691;,
 -146.802429;0.000004;2696.885986;,
 -142.147903;0.000004;2701.740479;,
 -137.493011;0.000004;2706.595459;,
 -132.839325;0.000004;2711.449219;,
 -128.186768;0.000004;2716.301514;,
 -123.532104;0.000004;2721.156250;,
 -118.879257;0.000004;2726.009033;,
 -114.225914;0.000004;2730.862305;,
 -109.578484;0.000004;2735.716553;,
 -104.931068;0.000004;2740.579346;,
 -100.278992;0.000004;2745.438721;,
 -95.606445;0.000004;2750.273438;,
 -90.854408;0.000004;2755.020752;,
 -86.015160;0.000004;2759.691650;,
 -81.175323;0.000004;2764.356201;,
 -76.366562;0.000003;2769.061279;,
 -71.168304;0.000004;2773.316406;,
 -65.753922;0.000004;2777.289307;,
 -60.265770;0.000005;2781.188721;,
 -54.653477;0.000004;2784.880371;,
 -48.823215;0.000004;2788.230713;,
 -42.822559;0.000004;2791.270508;,
 -36.712044;0.000004;2794.081787;,
 -30.495983;0.000005;2796.649658;,
 -24.107325;0.000005;2798.750732;,
 -17.613741;0.000004;2800.511719;,
 -11.053054;0.000004;2801.993896;,
 -4.465557;0.000004;2803.337402;,
 2.159705;0.000004;2804.493652;,
 8.817460;0.000004;2805.456787;,
 15.489561;0.000004;2806.251953;,
 22.219351;0.000004;2806.567383;,
 28.933249;0.000003;2806.859131;,
 35.653984;0.000002;2806.691650;,
 42.340176;0.000004;2805.946533;,
 48.988258;0.000004;2804.920410;,
 55.517628;0.000004;2803.319336;,
 61.861282;0.000004;2801.082764;,
 68.059753;0.000003;2798.473389;,
 74.084351;0.000001;2795.483154;,
 79.949753;0.000004;2792.197510;,
 85.342674;0.000004;2788.187012;,
 90.389481;0.000004;2783.741211;,
 95.186592;0.000004;2779.032715;,
 99.715630;0.000004;2774.068115;,
 104.074837;0.000004;2768.950195;,
 108.196167;0.000004;2763.639893;,
 112.015930;0.000001;2758.105713;,
 115.724998;0.000004;2752.508057;,
 119.141281;0.000004;2746.709229;,
 122.551064;0.000004;2740.917969;,
 125.778046;0.000004;2735.021240;,
 128.794235;0.000004;2729.013184;,
 131.666672;0.000004;2722.936035;,
 134.449219;0.000004;2716.816895;,
 136.960266;0.000004;2710.579346;,
 139.222656;0.000004;2704.255615;,
 141.423218;0.000004;2697.904541;,
 143.606567;0.000004;2691.544922;,
 145.793045;0.000004;2685.190430;,
 147.982315;0.000004;2678.835449;,
 150.171463;0.000004;2672.480713;,
 152.360748;0.000004;2666.125977;,
 154.550446;0.000004;2659.769775;,
 156.739899;0.000004;2653.414551;,
 158.929367;0.000004;2647.059082;,
 161.118408;0.000004;2640.704834;,
 163.307526;0.000004;2634.350342;,
 165.497147;0.000004;2627.994385;,
 167.686737;0.000004;2621.638672;,
 169.876297;0.000004;2615.283203;,
 172.065475;0.000004;2608.928467;,
 174.254761;0.000004;2602.573730;,
 176.444153;0.000004;2596.218506;,
 178.633606;0.000004;2589.863281;,
 180.823044;0.000004;2583.508057;,
 183.012512;0.000004;2577.152588;,
 185.201874;0.000004;2570.797607;,
 187.391174;0.000004;2564.442627;,
 189.580612;0.000004;2558.087402;,
 191.770004;0.000004;2551.731934;,
 193.959381;0.000004;2545.376709;,
 196.148849;0.000004;2539.021484;,
 198.338196;0.000004;2532.666504;,
 200.527405;0.000004;2526.311768;,
 202.716385;0.000004;2519.958008;,
 204.906387;0.000004;2513.601074;,
 207.096024;0.000004;2507.245117;,
 209.285858;0.000004;2500.888428;,
 211.473450;0.000004;2494.538574;,
 213.662048;0.000004;2488.185791;,
 215.852478;0.000004;2481.827637;,
 218.042221;0.000004;2475.471436;,
 220.232849;0.000004;2469.112793;,
 222.420822;0.000004;2462.761719;,
 224.609894;0.000004;2456.407471;,
 226.798523;0.000004;2450.054688;,
 228.988541;0.000004;2443.697510;,
 231.178162;0.000004;2437.341797;,
 233.368317;0.000004;2430.984375;,
 235.556732;0.000004;2424.632080;,
 237.745697;0.000004;2418.278076;,
 239.935654;0.000004;2411.921387;,
 242.124985;0.000004;2405.566406;,
 244.314056;0.000004;2399.212402;,
 246.503525;0.000004;2392.856934;,
 248.693085;0.000004;2386.501465;,
 250.882629;0.000004;2380.145996;,
 253.070999;0.000004;2373.793701;,
 255.260788;0.000004;2367.437256;,
 257.450897;0.000004;2361.079834;,
 259.640137;0.000004;2354.725342;,
 261.827820;0.000004;2348.375488;,
 264.017975;0.000004;2342.018066;,
 266.207367;0.000004;2335.662842;,
 268.396240;0.000004;2329.308838;,
 270.585876;0.000004;2322.953125;,
 272.775421;0.000004;2316.597412;,
 274.964966;0.000004;2310.241943;,
 277.153381;0.000004;2303.889648;,
 279.343384;0.000004;2297.532715;,
 281.533447;0.000004;2291.175537;,
 283.721832;0.000004;2284.823486;,
 285.911377;0.000004;2278.468018;,
 288.099701;0.000004;2272.115967;,
 290.290131;0.000004;2265.757813;,
 292.479431;0.000004;2259.402832;,
 294.668793;0.000004;2253.047852;,
 296.858185;0.000004;2246.692383;,
 299.047699;0.000003;2240.336914;,
 301.236176;0.000003;2233.984375;,
 303.425995;0.000003;2227.627930;,
 305.615723;0.000003;2221.271973;,
 307.806152;0.000003;2214.914063;,
 309.994385;0.000003;2208.562256;,
 312.183136;0.000003;2202.209229;,
 314.372559;0.000003;2195.853760;,
 316.562347;0.000003;2189.497559;,
 318.751465;0.000003;2183.143066;,
 320.940765;0.000003;2176.788086;,
 323.130157;0.000003;2170.432861;,
 325.319580;0.000003;2164.077637;,
 327.508545;0.000003;2157.723633;,
 329.698364;0.000003;2151.367432;,
 331.887726;0.000003;2145.012451;,
 334.077087;0.000003;2138.657471;,
 336.266418;0.000003;2132.302490;,
 338.455505;0.000003;2125.947998;,
 340.645477;0.000003;2119.591309;,
 342.833923;0.000003;2113.239014;,
 345.024048;0.000003;2106.881836;,
 347.213165;0.000003;2100.527344;,
 349.402863;0.000003;2094.171387;,
 351.590851;0.000003;2087.820313;,
 353.781097;0.000003;2081.462646;,
 355.971039;0.000003;2075.105957;,
 358.160889;0.000003;2068.749512;,
 360.349487;0.000003;2062.396729;,
 362.537567;0.000003;2056.045166;,
 364.727783;0.000003;2049.687744;,
 366.917297;0.000003;2043.332153;,
 369.106750;0.000003;2036.976807;,
 371.296051;0.000003;2030.621948;,
 373.485413;0.000003;2024.266968;,
 375.674866;0.000003;2017.911621;,
 377.863098;0.000003;2011.559814;,
 380.053162;0.000003;2005.202759;,
 382.242493;0.000003;1998.847778;,
 384.433929;0.000003;1992.486694;,
 386.621521;0.000003;1986.136719;,
 388.809906;0.000003;1979.784546;,
 390.999542;0.000003;1973.428589;,
 393.189209;0.000003;1967.072632;,
 395.378418;0.000003;1960.718140;,
 397.567871;0.000003;1954.362793;,
 399.757385;0.000003;1948.007324;,
 401.946686;0.000003;1941.652588;,
 404.135895;0.000003;1935.297852;,
 406.325745;0.000003;1928.941406;,
 408.515656;0.000003;1922.584839;,
 410.704346;0.000003;1916.231689;,
 412.893005;0.000003;1909.878540;,
 415.082611;0.000003;1903.522827;,
 417.272278;0.000003;1897.166870;,
 419.461975;0.000003;1890.810913;,
 421.651398;0.000003;1884.455811;,
 423.840454;0.000003;1878.101440;,
 426.029480;0.000003;1871.747314;,
 428.218170;0.000003;1865.394287;,
 430.408386;0.000003;1859.036743;,
 432.598206;0.000003;1852.680298;,
 434.788239;0.000003;1846.323364;,
 436.976898;0.000003;1839.970337;,
 439.165649;0.000003;1833.616943;,
 441.354706;0.000003;1827.262817;,
 443.544464;0.000003;1820.906494;,
 445.734192;0.000003;1814.550415;,
 447.923553;0.000003;1808.195313;,
 450.112701;0.000003;1801.840942;,
 452.302216;0.000003;1795.485474;,
 454.491547;0.000003;1789.130493;,
 456.681061;0.000003;1782.775024;,
 458.870361;0.000003;1776.420166;,
 461.059937;0.000003;1770.064453;,
 463.248779;0.000003;1763.710938;,
 465.438263;0.000003;1757.355469;,
 467.627930;0.000003;1750.999512;,
 469.817627;0.000003;1744.643555;,
 472.006714;0.000003;1738.289307;,
 474.196045;0.000003;1731.934448;,
 476.385162;0.000003;1725.580200;,
 478.574402;0.000003;1719.225464;,
 480.764313;0.000003;1712.868652;,
 482.954407;0.000003;1706.511475;,
 485.142853;0.000003;1700.159058;,
 487.332031;0.000003;1693.804565;,
 489.521790;0.000003;1687.448364;,
 491.710968;0.000003;1681.093872;,
 493.900238;0.000003;1674.739014;,
 496.089783;0.000003;1668.383545;,
 498.279144;0.000003;1662.028442;,
 500.468536;0.000003;1655.673096;,
 502.657349;0.000003;1649.319702;,
 504.847198;0.000003;1642.963135;,
 507.037170;0.000003;1636.606323;,
 509.226379;0.000003;1630.251465;,
 511.415405;0.000003;1623.897461;,
 513.604248;0.000003;1617.544067;,
 515.794128;0.000003;1611.187378;,
 517.983459;0.000003;1604.832397;,
 520.172913;0.000003;1598.477051;,
 522.362366;0.000003;1592.121826;,
 524.551636;0.000003;1585.767090;,
 526.741150;0.000003;1579.411377;,
 528.930664;0.000003;1573.055908;,
 531.118652;0.000003;1566.704712;,
 533.308655;0.000003;1560.347900;,
 535.498352;0.000003;1553.991699;,
 537.688416;0.000003;1547.634521;,
 539.878357;0.000003;1541.277832;,
 542.066772;0.000003;1534.925415;,
 544.255432;0.000003;1528.572510;,
 546.443970;0.000003;1522.219849;,
 548.633972;0.000003;1515.862915;,
 550.823853;0.000003;1509.506470;,
 553.013428;0.000003;1503.150757;,
 555.202759;0.000003;1496.795898;,
 557.391968;0.000003;1490.441162;,
 559.581299;0.000003;1484.086182;,
 561.770630;0.000003;1477.731323;,
 563.959473;0.000003;1471.377686;,
 566.149292;0.000003;1465.021240;,
 568.338989;0.000003;1458.665405;,
 570.528320;0.000003;1452.310303;,
 572.717590;0.000003;1445.955444;,
 574.906860;0.000003;1439.600464;,
 577.096313;0.000003;1433.245361;,
 579.286133;0.000003;1426.888916;,
 581.475159;0.000003;1420.534790;,
 583.664307;0.000003;1414.180298;,
 585.854065;0.000003;1407.824219;,
 588.043274;0.000003;1401.469604;,
 590.232727;0.000003;1395.114136;,
 592.421631;0.000003;1388.761719;,
 594.660583;0.000003;1382.422119;,
 596.907349;0.000003;1376.085815;,
 599.051453;0.000003;1369.714600;,
 600.927551;0.000003;1363.261597;,
 602.550110;0.000002;1356.740845;,
 604.056030;0.000002;1350.189209;,
 605.472168;0.000002;1343.619629;,
 606.754700;0.000002;1337.022461;,
 607.900574;0.000002;1330.399536;,
 608.942993;0.000001;1323.759277;,
 609.921692;0.000001;1317.109619;,
 610.860840;0.000003;1310.454712;,
 611.625793;0.000004;1303.778442;,
 612.110291;0.000003;1297.074585;,
 612.407898;0.000002;1290.360229;,
 612.651733;0.000001;1283.643799;,
 612.834900;0.000001;1276.925171;,
 612.908142;0.000001;1270.204468;,
 612.844971;0.000001;1263.484009;,
 612.656860;0.000001;1256.765747;,
 612.335083;0.000001;1250.057007;,
 611.887024;0.000001;1243.345459;,
 611.356262;0.000001;1236.651733;,
 610.498718;0.000002;1229.987061;,
 609.457581;0.000004;1223.328735;,
 608.156189;0.000003;1216.760986;,
 606.754822;0.000001;1210.184082;,
 605.347046;-0.000000;1203.614746;,
 603.902588;-0.000000;1197.050781;,
 602.506958;-0.000000;1190.476196;,
 601.227783;0.000000;1183.877930;,
 600.023438;0.000001;1177.264771;,
 598.874390;0.000001;1170.642578;,
 597.802307;0.000001;1164.007935;,
 596.751953;0.000000;1157.369629;,
 595.647827;-0.000000;1150.739380;,
 594.558655;-0.000000;1144.106934;,
 593.607849;-0.000000;1137.454102;,
 592.777527;-0.000000;1130.784180;,
 592.044373;0.000000;1124.102783;,
 591.420837;0.000003;1117.411133;,
 590.903931;0.000004;1110.710205;,
 590.489685;0.000001;1104.001953;,
 590.197021;0.000000;1097.287109;,
 590.034607;0.000003;1090.568726;,
 589.996521;0.000004;1083.847534;,
 590.077576;0.000004;1077.127808;,
 590.291382;0.000003;1070.409912;,
 590.620544;0.000001;1063.696533;,
 591.036011;-0.000000;1056.988647;,
 591.531128;-0.000000;1050.285889;;

 1;
 1998;1997,1996,1995,1994,1993,1992,1991,1990,1989,1988,1987,1986,1985,1984,1983,1982,1981,1980,1979,1978,1977,1976,1975,1974,1973,1972,1971,1970,1969,1968,1967,1966,1965,1964,1963,1962,1961,1960,1959,1958,1957,1956,1955,1954,1953,1952,1951,1950,1949,1948,1947,1946,1945,1944,1943,1942,1941,1940,1939,1938,1937,1936,1935,1934,1933,1932,1931,1930,1929,1928,1927,1926,1925,1924,1923,1922,1921,1920,1919,1918,1917,1916,1915,1914,1913,1912,1911,1910,1909,1908,1907,1906,1905,1904,1903,1902,1901,1900,1899,1898,1897,1896,1895,1894,1893,1892,1891,1890,1889,1888,1887,1886,1885,1884,1883,1882,1881,1880,1879,1878,1877,1876,1875,1874,1873,1872,1871,1870,1869,1868,1867,1866,1865,1864,1863,1862,1861,1860,1859,1858,1857,1856,1855,1854,1853,1852,1851,1850,1849,1848,1847,1846,1845,1844,1843,1842,1841,1840,1839,1838,1837,1836,1835,1834,1833,1832,1831,1830,1829,1828,1827,1826,1825,1824,1823,1822,1821,1820,1819,1818,1817,1816,1815,1814,1813,1812,1811,1810,1809,1808,1807,1806,1805,1804,1803,1802,1801,1800,1799,1798,1797,1796,1795,1794,1793,1792,1791,1790,1789,1788,1787,1786,1785,1784,1783,1782,1781,1780,1779,1778,1777,1776,1775,1774,1773,1772,1771,1770,1769,1768,1767,1766,1765,1764,1763,1762,1761,1760,1759,1758,1757,1756,1755,1754,1753,1752,1751,1750,1749,1748,1747,1746,1745,1744,1743,1742,1741,1740,1739,1738,1737,1736,1735,1734,1733,1732,1731,1730,1729,1728,1727,1726,1725,1724,1723,1722,1721,1720,1719,1718,1717,1716,1715,1714,1713,1712,1711,1710,1709,1708,1707,1706,1705,1704,1703,1702,1701,1700,1699,1698,1697,1696,1695,1694,1693,1692,1691,1690,1689,1688,1687,1686,1685,1684,1683,1682,1681,1680,1679,1678,1677,1676,1675,1674,1673,1672,1671,1670,1669,1668,1667,1666,1665,1664,1663,1662,1661,1660,1659,1658,1657,1656,1655,1654,1653,1652,1651,1650,1649,1648,1647,1646,1645,1644,1643,1642,1641,1640,1639,1638,1637,1636,1635,1634,1633,1632,1631,1630,1629,1628,1627,1626,1625,1624,1623,1622,1621,1620,1619,1618,1617,1616,1615,1614,1613,1612,1611,1610,1609,1608,1607,1606,1605,1604,1603,1602,1601,1600,1599,1598,1597,1596,1595,1594,1593,1592,1591,1590,1589,1588,1587,1586,1585,1584,1583,1582,1581,1580,1579,1578,1577,1576,1575,1574,1573,1572,1571,1570,1569,1568,1567,1566,1565,1564,1563,1562,1561,1560,1559,1558,1557,1556,1555,1554,1553,1552,1551,1550,1549,1548,1547,1546,1545,1544,1543,1542,1541,1540,1539,1538,1537,1536,1535,1534,1533,1532,1531,1530,1529,1528,1527,1526,1525,1524,1523,1522,1521,1520,1519,1518,1517,1516,1515,1514,1513,1512,1511,1510,1509,1508,1507,1506,1505,1504,1503,1502,1501,1500,1499,1498,1497,1496,1495,1494,1493,1492,1491,1490,1489,1488,1487,1486,1485,1484,1483,1482,1481,1480,1479,1478,1477,1476,1475,1474,1473,1472,1471,1470,1469,1468,1467,1466,1465,1464,1463,1462,1461,1460,1459,1458,1457,1456,1455,1454,1453,1452,1451,1450,1449,1448,1447,1446,1445,1444,1443,1442,1441,1440,1439,1438,1437,1436,1435,1434,1433,1432,1431,1430,1429,1428,1427,1426,1425,1424,1423,1422,1421,1420,1419,1418,1417,1416,1415,1414,1413,1412,1411,1410,1409,1408,1407,1406,1405,1404,1403,1402,1401,1400,1399,1398,1397,1396,1395,1394,1393,1392,1391,1390,1389,1388,1387,1386,1385,1384,1383,1382,1381,1380,1379,1378,1377,1376,1375,1374,1373,1372,1371,1370,1369,1368,1367,1366,1365,1364,1363,1362,1361,1360,1359,1358,1357,1356,1355,1354,1353,1352,1351,1350,1349,1348,1347,1346,1345,1344,1343,1342,1341,1340,1339,1338,1337,1336,1335,1334,1333,1332,1331,1330,1329,1328,1327,1326,1325,1324,1323,1322,1321,1320,1319,1318,1317,1316,1315,1314,1313,1312,1311,1310,1309,1308,1307,1306,1305,1304,1303,1302,1301,1300,1299,1298,1297,1296,1295,1294,1293,1292,1291,1290,1289,1288,1287,1286,1285,1284,1283,1282,1281,1280,1279,1278,1277,1276,1275,1274,1273,1272,1271,1270,1269,1268,1267,1266,1265,1264,1263,1262,1261,1260,1259,1258,1257,1256,1255,1254,1253,1252,1251,1250,1249,1248,1247,1246,1245,1244,1243,1242,1241,1240,1239,1238,1237,1236,1235,1234,1233,1232,1231,1230,1229,1228,1227,1226,1225,1224,1223,1222,1221,1220,1219,1218,1217,1216,1215,1214,1213,1212,1211,1210,1209,1208,1207,1206,1205,1204,1203,1202,1201,1200,1199,1198,1197,1196,1195,1194,1193,1192,1191,1190,1189,1188,1187,1186,1185,1184,1183,1182,1181,1180,1179,1178,1177,1176,1175,1174,1173,1172,1171,1170,1169,1168,1167,1166,1165,1164,1163,1162,1161,1160,1159,1158,1157,1156,1155,1154,1153,1152,1151,1150,1149,1148,1147,1146,1145,1144,1143,1142,1141,1140,1139,1138,1137,1136,1135,1134,1133,1132,1131,1130,1129,1128,1127,1126,1125,1124,1123,1122,1121,1120,1119,1118,1117,1116,1115,1114,1113,1112,1111,1110,1109,1108,1107,1106,1105,1104,1103,1102,1101,1100,1099,1098,1097,1096,1095,1094,1093,1092,1091,1090,1089,1088,1087,1086,1085,1084,1083,1082,1081,1080,1079,1078,1077,1076,1075,1074,1073,1072,1071,1070,1069,1068,1067,1066,1065,1064,1063,1062,1061,1060,1059,1058,1057,1056,1055,1054,1053,1052,1051,1050,1049,1048,1047,1046,1045,1044,1043,1042,1041,1040,1039,1038,1037,1036,1035,1034,1033,1032,1031,1030,1029,1028,1027,1026,1025,1024,1023,1022,1021,1020,1019,1018,1017,1016,1015,1014,1013,1012,1011,1010,1009,1008,1007,1006,1005,1004,1003,1002,1001,1000,999,998,997,996,995,994,993,992,991,990,989,988,987,986,985,984,983,982,981,980,979,978,977,976,975,974,973,972,971,970,969,968,967,966,965,964,963,962,961,960,959,958,957,956,955,954,953,952,951,950,949,948,947,946,945,944,943,942,941,940,939,938,937,936,935,934,933,932,931,930,929,928,927,926,925,924,923,922,921,920,919,918,917,916,915,914,913,912,911,910,909,908,907,906,905,904,903,902,901,900,899,898,897,896,895,894,893,892,891,890,889,888,887,886,885,884,883,882,881,880,879,878,877,876,875,874,873,872,871,870,869,868,867,866,865,864,863,862,861,860,859,858,857,856,855,854,853,852,851,850,849,848,847,846,845,844,843,842,840,839,841,838,837,836,835,834,833,832,831,830,829,828,827,826,825,824,823,822,821,820,819,818,817,816,815,814,813,812,811,810,809,808,807,806,805,804,803,802,801,800,799,798,797,796,795,794,793,792,791,788,790,789,787,786,785,784,783,782,781,780,779,778,777,776,775,774,773,772,771,770,769,768,767,766,765,764,763,762,761,760,759,758,757,756,755,754,753,752,751,750,749,748,747,746,745,744,743,742,741,740,739,738,737,736,735,734,733,732,731,730,729,728,727,726,725,724,723,722,721,720,719,718,717,716,715,714,713,712,711,710,709,708,707,706,705,704,702,703,701,700,699,698,697,696,694,695,693,692,691,690,689,688,687,686,685,684,683,682,681,680,679,678,677,676,675,674,673,672,671,670,669,668,667,666,665,664,663,662,661,660,659,658,657,656,655,654,653,652,651,650,649,648,647,646,645,644,643,642,641,640,639,638,637,636,635,634,633,632,631,630,629,628,627,626,625,624,623,622,621,620,619,618,617,616,615,614,613,612,611,610,609,608,607,606,605,604,603,602,601,600,599,598,597,596,595,594,593,592,591,590,589,588,587,586,585,584,583,582,581,580,579,578,577,576,575,574,573,572,571,570,569,568,567,566,565,564,563,562,561,560,559,558,557,556,555,554,553,552,551,550,549,548,547,546,545,544,543,542,541,540,539,538,537,536,535,534,533,532,531,530,529,528,527,526,525,524,523,522,521,520,519,518,517,516,515,514,513,512,511,510,509,508,507,506,505,504,503,502,501,500,499,498,497,496,495,494,493,492,491,490,489,488,487,486,485,484,483,482,481,480,479,478,477,476,475,474,473,472,471,470,469,468,467,466,465,464,463,462,461,460,459,458,457,456,455,454,453,452,451,450,449,448,447,446,445,444,443,442,441,440,439,438,437,436,435,434,433,432,431,430,429,428,427,426,425,424,423,422,421,420,419,418,417,416,415,414,413,412,411,410,409,408,407,406,405,404,403,402,401,400,399,398,397,396,395,394,393,392,391,390,389,388,387,386,385,384,383,382,381,380,379,378,377,376,375,374,373,372,371,370,369,368,367,366,365,364,363,362,361,360,359,358,357,356,355,354,353,352,351,350,349,348,347,346,345,344,343,342,341,340,339,338,337,336,335,334,333,332,331,330,329,328,327,326,325,324,323,322,321,320,319,318,317,316,315,314,313,312,311,310,309,308,307,306,305,304,303,302,301,300,299,298,297,296,295,294,293,292,291,290,289,288,287,286,285,284,283,282,281,280,279,278,277,276,275,274,273,272,271,270,269,268,267,266,265,264,263,262,261,260,259,258,257,256,255,254,253,252,251,250,249,248,247,246,245,244,243,242,241,240,239,238,237,236,235,234,233,232,231,230,229,228,227,226,225,224,223,222,221,220,219,218,217,216,215,214,213,212,211,210,209,208,207,206,205,204,203,202,201,200,199,198,197,196,195,194,193,192,191,190,189,188,187,186,185,184,183,182,181,180,179,178,177,176,175,174,173,172,171,170,169,168,167,166,165,164,163,162,161,160,159,158,157,156,155,154,153,152,151,150,149,148,147,146,145,144,143,142,141,140,138,139,137,136,135,134,133,132,131,130,129,128,127,126,125,124,123,122,121,120,119,118,117,116,115,114,113,112,111,110,109,108,107,106,105,104,103,102,101,100,99,98,97,96,95,94,93,92,91,90,89,88,87,86,85,84,83,82,81,80,79,78,77,76,75,74,73,72,71,70,69,68,67,66,65,64,63,62,61,60,59,58,57,56,55,54,53,52,51,50,49,48,47,46,45,44,43,42,41,40,39,38,37,36,35,34,33,32,31,30,29,28,27,26,25,24,23,22,21,20,19,18,17,16,15,14,13,12,11,10,9,8,7,6,5,4,3,2,1,0;;

 MeshMaterialList {
  1;
  1;
  0;;
  {MatDefault}
 }
 MeshNormals {
  1;
  0.000000;-1.000000;0.000000;;

  1;
  1998;0,0,0,0,0,0,0,0,0,0,0,0,0,0,0,0,0,0,0,0,0,0,0,0,0,0,0,0,0,0,0,0,0,0,0,0,0,0,0,0,0,0,0,0,0,0,0,0,0,0,0,0,0,0,0,0,0,0,0,0,0,0,0,0,0,0,0,0,0,0,0,0,0,0,0,0,0,0,0,0,0,0,0,0,0,0,0,0,0,0,0,0,0,0,0,0,0,0,0,0,0,0,0,0,0,0,0,0,0,0,0,0,0,0,0,0,0,0,0,0,0,0,0,0,0,0,0,0,0,0,0,0,0,0,0,0,0,0,0,0,0,0,0,0,0,0,0,0,0,0,0,0,0,0,0,0,0,0,0,0,0,0,0,0,0,0,0,0,0,0,0,0,0,0,0,0,0,0,0,0,0,0,0,0,0,0,0,0,0,0,0,0,0,0,0,0,0,0,0,0,0,0,0,0,0,0,0,0,0,0,0,0,0,0,0,0,0,0,0,0,0,0,0,0,0,0,0,0,0,0,0,0,0,0,0,0,0,0,0,0,0,0,0,0,0,0,0,0,0,0,0,0,0,0,0,0,0,0,0,0,0,0,0,0,0,0,0,0,0,0,0,0,0,0,0,0,0,0,0,0,0,0,0,0,0,0,0,0,0,0,0,0,0,0,0,0,0,0,0,0,0,0,0,0,0,0,0,0,0,0,0,0,0,0,0,0,0,0,0,0,0,0,0,0,0,0,0,0,0,0,0,0,0,0,0,0,0,0,0,0,0,0,0,0,0,0,0,0,0,0,0,0,0,0,0,0,0,0,0,0,0,0,0,0,0,0,0,0,0,0,0,0,0,0,0,0,0,0,0,0,0,0,0,0,0,0,0,0,0,0,0,0,0,0,0,0,0,0,0,0,0,0,0,0,0,0,0,0,0,0,0,0,0,0,0,0,0,0,0,0,0,0,0,0,0,0,0,0,0,0,0,0,0,0,0,0,0,0,0,0,0,0,0,0,0,0,0,0,0,0,0,0,0,0,0,0,0,0,0,0,0,0,0,0,0,0,0,0,0,0,0,0,0,0,0,0,0,0,0,0,0,0,0,0,0,0,0,0,0,0,0,0,0,0,0,0,0,0,0,0,0,0,0,0,0,0,0,0,0,0,0,0,0,0,0,0,0,0,0,0,0,0,0,0,0,0,0,0,0,0,0,0,0,0,0,0,0,0,0,0,0,0,0,0,0,0,0,0,0,0,0,0,0,0,0,0,0,0,0,0,0,0,0,0,0,0,0,0,0,0,0,0,0,0,0,0,0,0,0,0,0,0,0,0,0,0,0,0,0,0,0,0,0,0,0,0,0,0,0,0,0,0,0,0,0,0,0,0,0,0,0,0,0,0,0,0,0,0,0,0,0,0,0,0,0,0,0,0,0,0,0,0,0,0,0,0,0,0,0,0,0,0,0,0,0,0,0,0,0,0,0,0,0,0,0,0,0,0,0,0,0,0,0,0,0,0,0,0,0,0,0,0,0,0,0,0,0,0,0,0,0,0,0,0,0,0,0,0,0,0,0,0,0,0,0,0,0,0,0,0,0,0,0,0,0,0,0,0,0,0,0,0,0,0,0,0,0,0,0,0,0,0,0,0,0,0,0,0,0,0,0,0,0,0,0,0,0,0,0,0,0,0,0,0,0,0,0,0,0,0,0,0,0,0,0,0,0,0,0,0,0,0,0,0,0,0,0,0,0,0,0,0,0,0,0,0,0,0,0,0,0,0,0,0,0,0,0,0,0,0,0,0,0,0,0,0,0,0,0,0,0,0,0,0,0,0,0,0,0,0,0,0,0,0,0,0,0,0,0,0,0,0,0,0,0,0,0,0,0,0,0,0,0,0,0,0,0,0,0,0,0,0,0,0,0,0,0,0,0,0,0,0,0,0,0,0,0,0,0,0,0,0,0,0,0,0,0,0,0,0,0,0,0,0,0,0,0,0,0,0,0,0,0,0,0,0,0,0,0,0,0,0,0,0,0,0,0,0,0,0,0,0,0,0,0,0,0,0,0,0,0,0,0,0,0,0,0,0,0,0,0,0,0,0,0,0,0,0,0,0,0,0,0,0,0,0,0,0,0,0,0,0,0,0,0,0,0,0,0,0,0,0,0,0,0,0,0,0,0,0,0,0,0,0,0,0,0,0,0,0,0,0,0,0,0,0,0,0,0,0,0,0,0,0,0,0,0,0,0,0,0,0,0,0,0,0,0,0,0,0,0,0,0,0,0,0,0,0,0,0,0,0,0,0,0,0,0,0,0,0,0,0,0,0,0,0,0,0,0,0,0,0,0,0,0,0,0,0,0,0,0,0,0,0,0,0,0,0,0,0,0,0,0,0,0,0,0,0,0,0,0,0,0,0,0,0,0,0,0,0,0,0,0,0,0,0,0,0,0,0,0,0,0,0,0,0,0,0,0,0,0,0,0,0,0,0,0,0,0,0,0,0,0,0,0,0,0,0,0,0,0,0,0,0,0,0,0,0,0,0,0,0,0,0,0,0,0,0,0,0,0,0,0,0,0,0,0,0,0,0,0,0,0,0,0,0,0,0,0,0,0,0,0,0,0,0,0,0,0,0,0,0,0,0,0,0,0,0,0,0,0,0,0,0,0,0,0,0,0,0,0,0,0,0,0,0,0,0,0,0,0,0,0,0,0,0,0,0,0,0,0,0,0,0,0,0,0,0,0,0,0,0,0,0,0,0,0,0,0,0,0,0,0,0,0,0,0,0,0,0,0,0,0,0,0,0,0,0,0,0,0,0,0,0,0,0,0,0,0,0,0,0,0,0,0,0,0,0,0,0,0,0,0,0,0,0,0,0,0,0,0,0,0,0,0,0,0,0,0,0,0,0,0,0,0,0,0,0,0,0,0,0,0,0,0,0,0,0,0,0,0,0,0,0,0,0,0,0,0,0,0,0,0,0,0,0,0,0,0,0,0,0,0,0,0,0,0,0,0,0,0,0,0,0,0,0,0,0,0,0,0,0,0,0,0,0,0,0,0,0,0,0,0,0,0,0,0,0,0,0,0,0,0,0,0,0,0,0,0,0,0,0,0,0,0,0,0,0,0,0,0,0,0,0,0,0,0,0,0,0,0,0,0,0,0,0,0,0,0,0,0,0,0,0,0,0,0,0,0,0,0,0,0,0,0,0,0,0,0,0,0,0,0,0,0,0,0,0,0,0,0,0,0,0,0,0,0,0,0,0,0,0,0,0,0,0,0,0,0,0,0,0,0,0,0,0,0,0,0,0,0,0,0,0,0,0,0,0,0,0,0,0,0,0,0,0,0,0,0,0,0,0,0,0,0,0,0,0,0,0,0,0,0,0,0,0,0,0,0,0,0,0,0,0,0,0,0,0,0,0,0,0,0,0,0,0,0,0,0,0,0,0,0,0,0,0,0,0,0,0,0,0,0,0,0,0,0,0,0,0,0,0,0,0,0,0,0,0,0,0,0,0,0,0,0,0,0,0,0,0,0,0,0,0,0,0,0,0,0,0,0,0,0,0,0,0,0,0,0,0,0,0,0,0,0,0,0,0,0,0,0,0,0,0,0,0,0,0,0,0,0,0,0,0,0,0,0,0,0,0,0,0,0,0,0,0,0,0,0,0,0,0,0,0,0,0,0,0,0,0,0,0,0,0,0,0,0,0,0,0,0,0,0,0,0,0,0,0,0,0,0,0,0,0,0,0,0,0,0,0,0,0,0,0,0,0,0,0,0,0,0,0,0,0,0,0,0,0,0,0,0,0,0,0,0,0,0,0,0,0,0,0,0,0,0,0,0,0,0,0,0,0,0,0,0,0,0,0,0,0,0,0,0,0,0,0,0,0,0,0,0,0,0,0,0,0,0,0,0,0,0,0,0,0,0,0,0,0,0,0,0,0,0,0,0,0,0,0,0,0,0,0,0,0,0,0,0,0,0,0,0,0,0,0,0,0,0,0,0,0,0,0,0,0,0,0,0,0,0,0,0,0,0,0,0,0,0,0,0,0,0,0,0,0,0,0,0,0,0,0,0,0,0,0,0,0,0,0,0,0,0,0,0,0,0,0,0,0,0,0,0,0,0,0,0,0,0,0,0,0,0,0,0,0,0,0,0,0,0,0,0,0,0,0,0,0,0,0,0,0,0,0,0,0,0,0,0,0,0,0,0,0,0,0,0,0,0,0,0,0,0,0,0,0,0,0,0,0,0,0,0,0,0,0,0,0,0,0,0,0,0,0,0,0,0,0,0,0,0,0,0,0,0,0,0,0,0,0,0,0,0,0,0,0,0,0,0,0,0,0,0,0,0,0,0,0,0,0,0,0,0,0,0,0,0,0,0,0,0,0,0,0,0,0,0,0,0,0,0,0,0,0,0,0,0,0,0,0,0,0,0,0,0,0,0,0,0,0,0,0,0,0,0,0,0,0,0,0,0,0,0,0,0,0,0,0,0,0,0,0,0,0,0,0,0,0,0,0;;
 }
}
