695.323 210.37 2.38114        -1 -1 -1        3225.16
1221.26 -114.034 2.15908        -1 -1 -1        2136.62
1384.63 -254.066 0.984219        -1 -1 -1        1946.4
1370.99 -543.795 1.9988        -1 -1 -1        6474.54
1202.4 -769.714 1.77242        -1 -1 -1        3007.92
981.85 -1305.53 1.69106        -1 -1 -1        2136.62
733.771 -1239.59 2.14211        -1 -1 -1        2500.25
769.349 -708.067 0.3        -1 -1 -1        2817.69
716.537 -261.745 1.69439        -1 -1 -1        3475.65
367.125 46.1235 1.98144        -1 -1 -1        2245.83
52.2156 257.703 4.18249        -1 -1 -1        2245.83
-100.563 -20.7543 2.10683        -1 -1 -1        2245.83
-487.638 201.31 2.52436        -1 -1 -1        2037.24
-700.746 395.873 2.99836        -1 -1 -1        1715.26
-718.747 592.954 3.97628        -1 -1 -1        350.351
-502.128 832.612 1.99239        -1 -1 -1        633.732
-210.932 784.906 0.999978        -1 -1 -1        956.029
24.9586 632.74 1.39049        -1 -1 -1        2245.83
178.745 532.689 2.99012        -1 -1 -1        2500.25
368.735 415.647 1.13047        -1 -1 -1        2245.83
end
